headlines,headline_text
"['two', 'wheeler', 'three', 'wheeler', 'export', 'hit', 'a', 'record', 'high', 'in', 'april', 'june', 'period']",two wheeler three wheeler export hit a record high in april june period
"['400000', 'tea', 'garden', 'workers', 'reeling', 'under', 'covid', '19', 'impact']",400000 tea garden workers reeling under covid 19 impact
"['govt', 'backed', 'swamih', 'fund', 'invests', 'rs', '150', 'crore', 'in', 'tridhaatu', 'realtys', 'project', 'in', 'mumbais', 'chembur']",govt backed swamih fund invests rs 150 crore in tridhaatu realtys project in mumbais chembur
"['brookfield', 'acquires', 'k', 'raheja', 'corps', '30', 'acre', 'land', 'parcel', 'in', 'navi', 'mumbai', 'for', 'rs', '550', 'crore']",brookfield acquires k raheja corps 30 acre land parcel in navi mumbai for rs 550 crore
"['union', 'min', 'apprises', 'pm', 'of', 'attacks', 'on', 'bdesh', 'temples']",union min apprises pm of attacks on bdesh temples
"['creditaccess', 'grameen', 'q1', 'results', 'co', 'posts', '73', 'fall', 'in', 'net', 'profit']",creditaccess grameen q1 results co posts 73 fall in net profit
"['india', 'cements', 'q1', 'results', 'net', 'profit', 'more', 'than', 'doubles', 'rs', '37', 'cr']",india cements q1 results net profit more than doubles rs 37 cr
"['bjp', 'led', 'govt', 'in', 'assam', 'fast', 'tracks', 'poll', 'promise', 'of', 'providing', 'one', 'lakh', 'government', 'jobs', 'by', 'march']",bjp led govt in assam fast tracks poll promise of providing one lakh government jobs by march
"['chinas', 'karaoke', 'and', 'kara', 'not', 'ok']",chinas karaoke and kara not ok
"['ujjwala', '2', 'must', 'have', 'brighter', 'successor']",ujjwala 2 must have brighter successor
"['smart', 'meter', 'operators', 'may', 'get', 'first', 'claim']",smart meter operators may get first claim
"['monsoon', 'session', 'low', 'on', 'productivity', 'bills', 'passed', 'in', 'din']",monsoon session low on productivity bills passed in din
"['its', 'certainly', 'about', 'certainty']",its certainly about certainty
"['morth', 'amends', 'two', 'schemes', 'to', 'boost', 'battery', 'operated', 'vehicles']",morth amends two schemes to boost battery operated vehicles
"['platos', 'cave', 'allegory']",platos cave allegory
"['our', 'govt', 'believes', 'in', 'the', 'concept', 'of', 'reforms', 'by', 'conviction', 'not', 'by', 'compulsion', 'pm', 'modi', 'addressing', 'cii']",our govt believes in the concept of reforms by conviction not by compulsion pm modi addressing cii
"['ridding', 'politics', 'of', 'crime', 'criminals']",ridding politics of crime criminals
"['view', 'move', 'fast', 'on', 'deploying', 'renewable', 'energy', 'power', 'plants', 'and', 'retiring', 'coal', 'power', 'plants']",view move fast on deploying renewable energy power plants and retiring coal power plants
"['numaligarh', 'refinery', 'deploys', 'hexagon', 'solutions', 'to', 'digitally', 'transform', 'operations']",numaligarh refinery deploys hexagon solutions to digitally transform operations
"['it', 'startup', 'nirmata', 'raises', '4', 'million', 'in', 'funding', 'led', 'by', 'z5', 'capital']",it startup nirmata raises 4 million in funding led by z5 capital
"['maharashtra', 'allows', 'restaurants', 'malls', 'to', 'operate', 'till', '10pm', 'at', '50', 'capacity', 'from', 'august', '15']",maharashtra allows restaurants malls to operate till 10pm at 50 capacity from august 15
"['bill', 'for', 'privatisation', 'of', 'state', 'run', 'general', 'insurance', 'companies', 'gets', 'parliament', 'nod']",bill for privatisation of state run general insurance companies gets parliament nod
"['national', 'commission', 'for', 'homoeopathy', 'and', 'national', 'commission', 'for', 'indian', 'system', 'of', 'medicine', 'amendments', 'clear', 'rajya', 'sabha']",national commission for homoeopathy and national commission for indian system of medicine amendments clear rajya sabha
"['festive', 'season', 'to', 'push', 'credit', 'demand', 'au', 'small', 'finance', 'bank', 'ceo']",festive season to push credit demand au small finance bank ceo
"['over', '40', 'feared', 'buried', 'under', 'debris', 'of', 'major', 'landslide', 'in', 'himachals', 'kinnaur', 'army', 'ndrf', 'called', 'in']",over 40 feared buried under debris of major landslide in himachals kinnaur army ndrf called in
"['how', 'vc', 'fund', 'stellaris', 'upped', 'its', 'fund', 'size', 'amid', 'rising', 'competition', 'in', 'early', 'stage', 'investing']",how vc fund stellaris upped its fund size amid rising competition in early stage investing
"['world', 'health', 'organisation', 'to', 'decide', 'on', 'authorising', 'indian', 'made', 'vaccine']",world health organisation to decide on authorising indian made vaccine
"['amarinder', 'singh', 'meets', 'health', 'minister', 'seeks', 'increase', 'in', 'covid', '19', 'vaccines', 'for', 'punjab']",amarinder singh meets health minister seeks increase in covid 19 vaccines for punjab
"['isc', 'urges', 'narayana', 'murthy', 'to', 'extend', 'support', 'to', 'antitrust', 'probe', 'against', 'amazon']",isc urges narayana murthy to extend support to antitrust probe against amazon
"['1', 'trillion', 'goods', 'exports', 'likely', 'by', 'fy28', 'rodtep', 'rates', 'notification', 'by', 'weekend', 'trade', 'secretary']",1 trillion goods exports likely by fy28 rodtep rates notification by weekend trade secretary
"['users', 'under', '18', 'years', 'will', 'soon', 'be', 'able', 'to', 'seek', 'removal', 'of', 'pictures', 'from', 'image', 'search', 'result', 'google']",users under 18 years will soon be able to seek removal of pictures from image search result google
"['rajasthan', 'himachal', 'mizoram', 'and', 'chandigarh', 'lead', 'ranking', 'on', 'quality', 'of', 'life', 'for', 'elderly']",rajasthan himachal mizoram and chandigarh lead ranking on quality of life for elderly
"['u', 's', 'consumer', 'price', 'increases', 'slow', 'in', 'july', 'signs', 'inflation', 'peaked']",u s consumer price increases slow in july signs inflation peaked
"['rajya', 'sabha', 'adjourned', 'sine', 'die', 'piyush', 'goyal', 'seeks', 'strict', 'action', 'against', 'erring', 'members']",rajya sabha adjourned sine die piyush goyal seeks strict action against erring members
"['ahead', 'of', 'market', '12', 'things', 'that', 'will', 'decide', 'stock', 'action', 'on', 'thursday']",ahead of market 12 things that will decide stock action on thursday
"['indian', 'bank', 'signs', 'memorandum', 'of', 'understanding', 'with', 'paralympic', 'committee']",indian bank signs memorandum of understanding with paralympic committee
"['nclt', 'admits', 'insolvency', 'resolution', 'petition', 'against', 'mumbai', 'based', 'developer', 'nirmal', 'lifestyle']",nclt admits insolvency resolution petition against mumbai based developer nirmal lifestyle
"['yokohama', 'to', 'invest', 'additional', '171', 'million', 'to', 'double', 'capacity', 'of', 'upcoming', 'vizag', 'plant']",yokohama to invest additional 171 million to double capacity of upcoming vizag plant
"['dream', 'sports', 'sets', 'up', '250', 'million', 'corporate', 'venture', 'fund']",dream sports sets up 250 million corporate venture fund
"['matua', 'mahasangh', 'leader', 'shantanu', 'thakur', 'writes', 'to', 'pm', 'modi', 'seeking', 'action', 'to', 'safeguard', 'the', 'matua', 'community']",matua mahasangh leader shantanu thakur writes to pm modi seeking action to safeguard the matua community
"['qatar', 'appoints', 'ambassador', 'to', 'saudi', 'arabia', 'says', 'emirs', 'office']",qatar appoints ambassador to saudi arabia says emirs office
"['galaxy', 'z', 'fold3', 'flip3', 'watch4', 'buds2', 'samsung', 'unveils', 'two', 'foldable', 'phones', 'smartwatch', 'and', 'earbuds', 'at', 'unpacked', '2021']",galaxy z fold3 flip3 watch4 buds2 samsung unveils two foldable phones smartwatch and earbuds at unpacked 2021
"['mmt', 'revokes', 'termination', 'for', 'treebo', 'hotels', 'fabhotels', 'on', 'its', 'platforms']",mmt revokes termination for treebo hotels fabhotels on its platforms
"['covid', '19', 'vaccination', 'drive', 'in', 'mumbai', 'suspended', 'for', 'two', 'days', 'due', 'to', 'vaccine', 'shortage']",covid 19 vaccination drive in mumbai suspended for two days due to vaccine shortage
"['offshore', 'rupee', 'market', 'rising', 'can', 'disrupt', 'local', 'pricing', 'rbi', 'paper']",offshore rupee market rising can disrupt local pricing rbi paper
"['dream', 'sports', '250m', 'fund', 'buying', 'foreign', 'stocks', 'to', 'get', 'easier']",dream sports 250m fund buying foreign stocks to get easier
"['prestige', 'registers', '59', 'profit', 'for', 'the', 'quarter', 'ended', 'june', '2021']",prestige registers 59 profit for the quarter ended june 2021
"['ashok', 'leyland', 'ev', 'buses', 'roll', 'into', 'chandigarh']",ashok leyland ev buses roll into chandigarh
"['kolkatas', 'atha', 'group', 'to', 'exit', 'clean', 'energy', 'biz', 'in', 'talks', 'to', 'sell', '365', 'mw', 'assets']",kolkatas atha group to exit clean energy biz in talks to sell 365 mw assets
"['food', 'grain', 'output', 'to', 'touch', 'new', 'record', 'of', '308', '65', 'million', 'tons', 'in', '2020', '21', 'says', 'government']",food grain output to touch new record of 308 65 million tons in 2020 21 says government
"['indian', 'students', 'see', 'record', 'entries', 'to', 'uk', 'universities', 'as', 'travel', 'rules', 'ease', 'up']",indian students see record entries to uk universities as travel rules ease up
"['two', 'new', 'bidders', 'for', 'lavasa']",two new bidders for lavasa
"['india', 'to', 'have', 'strong', 'presence', 'at', 'russias', 'eastern', 'economic', 'forum', 'at', 'vladivostok']",india to have strong presence at russias eastern economic forum at vladivostok
"['privatisation', 'of', 'psus', 'back', 'on', 'track', 'after', 'covid', 'induced', 'setback', 'dipam', 'secy']",privatisation of psus back on track after covid induced setback dipam secy
"['advertisers', 'tapping', 'instagram', 'through', 'branded', 'content', 'posts', 'facebook']",advertisers tapping instagram through branded content posts facebook
"['yes', 'bank', 'to', 'float', 'asset', 'reconstruction', 'company', 'invites', 'bids', 'from', 'investors']",yes bank to float asset reconstruction company invites bids from investors
"['zomato', 'divests', 'stake', 'in', 'nextable', 'inc', 'for', '100000']",zomato divests stake in nextable inc for 100000
"['indigo', 'starts', 'priority', 'boarding', 'facility', 'for', 'passengers']",indigo starts priority boarding facility for passengers
"['pickrr', 'gets', '12', 'million', 'funding', 'from', 'iifl', 'amicus', 'capital', 'and', 'others']",pickrr gets 12 million funding from iifl amicus capital and others
"['mumbai', 'itat', 'allows', 'farah', 'khan', 'to', 'deduct', 'expense', 'in', 'office', 'cum', 'residence', 'case']",mumbai itat allows farah khan to deduct expense in office cum residence case
"['karnataka', 'cm', 'basavaraj', 'bommai', 'struggles', 'to', 'douse', 'crisis', 'as', 'a', 'minister', 'threatens', 'to', 'quit', 'two', 'air', 'their', 'anger']",karnataka cm basavaraj bommai struggles to douse crisis as a minister threatens to quit two air their anger
"['communal', 'sloganeering', 'at', 'jantar', 'mantar', 'delhi', 'court', 'grants', 'bail', 'to', 'former', 'bjp', 'spokesperson']",communal sloganeering at jantar mantar delhi court grants bail to former bjp spokesperson
"['mankind', 'pharma', 'to', 'give', 'rs', '11', 'lakh', 'each', 'to', '20', 'players', 'who', 'missed', 'medals', 'at', 'tokyo', 'olympics']",mankind pharma to give rs 11 lakh each to 20 players who missed medals at tokyo olympics
"['rajya', 'sabha', 'members', 'pitch', 'for', 'removal', 'of', '50', 'per', 'cent', 'reservation', 'cap', 'caste', 'census']",rajya sabha members pitch for removal of 50 per cent reservation cap caste census
"['fhrai', 'says', 'rs', '60000', 'crore', 'loan', 'guarantee', 'scheme', 'for', 'covid', 'affected', 'sectors', 'not', 'notified', 'in', 'over', 'a', 'month', 'asks', 'fm', 'to', 'take', 'cognizance']",fhrai says rs 60000 crore loan guarantee scheme for covid affected sectors not notified in over a month asks fm to take cognizance
"['gold', 'rallies', 'by', 'rs', '159', 'silver', 'rises', 'to', 'rs', '61250']",gold rallies by rs 159 silver rises to rs 61250
"['australian', 'foreign', 'defence', 'ministers', 'expected', 'in', 'india', 'for', 'maiden', '2', '2', 'dialogue']",australian foreign defence ministers expected in india for maiden 2 2 dialogue
"['india', 'fully', 'capable', 'of', 'harnessing', 'best', 'scientific', 'minds', 'consumer', 'affairs', 'secretary']",india fully capable of harnessing best scientific minds consumer affairs secretary
"['600', 'million', 'crypto', 'thief', 'is', 'returning', 'stolen', 'ethereum', 'and', 'other', 'cryptocurrencies', 'after', 'their', 'digital', 'identity', 'was', 'discovered']",600 million crypto thief is returning stolen ethereum and other cryptocurrencies after their digital identity was discovered
"['5g', 'technology', 'will', 'accelerate', 'the', 'handset', 'replacement', 'cycle', 'cornings', 'john', 'bayne']",5g technology will accelerate the handset replacement cycle cornings john bayne
"['stanchart', 'says', 'return', 'to', 'pre', 'covid', 'purchasing', 'power', 'of', 'consumers', 'to', 'be', 'gradual', 'uneven']",stanchart says return to pre covid purchasing power of consumers to be gradual uneven
"['can', 'covid', 'vaccines', 'work', 'on', 'compromised', 'immune', 'systems']",can covid vaccines work on compromised immune systems
"['tiktok', 'tops', 'facebook', 'as', 'the', 'worlds', 'most', 'downloaded', 'app', 'of', '2020']",tiktok tops facebook as the worlds most downloaded app of 2020
"['suraj', 'sharma', 'francia', 'raisa', 'and', 'tien', 'tran', 'join', 'the', 'cast', 'of', 'how', 'i', 'met', 'your', 'mother', 'spin', 'off']",suraj sharma francia raisa and tien tran join the cast of how i met your mother spin off
"['idris', 'elba', 'to', 'voice', 'knuckles', 'in', 'animation', 'film', 'sonic', 'the', 'hedgehog', '2']",idris elba to voice knuckles in animation film sonic the hedgehog 2
"['market', 'movers', 'why', 'bad', 'news', 'is', 'good', 'for', 'zomato', 'and', 'metal', 'stocks', 'defied', 'sell', 'off']",market movers why bad news is good for zomato and metal stocks defied sell off
"['ready', 'to', 'go', 'out', 'of', 'town', 'keep', 'your', 'vaccine', 'passport', 'handy', 'as', 'you', 'might', 'need', 'it', 'in', 'bars', 'nightclubs']",ready to go out of town keep your vaccine passport handy as you might need it in bars nightclubs
"['our', 'responsibility', 'to', 'change', 'conservative', 'system', 'in', 'steel', 'and', 'cement', 'nitin', 'gadkari']",our responsibility to change conservative system in steel and cement nitin gadkari
"['makemytrip', 'fully', 'exits', 'travel', 'aggregator', 'ixigo', 'deep', 'kalra', 'to', 'resign', 'from', 'the', 'board']",makemytrip fully exits travel aggregator ixigo deep kalra to resign from the board
"['maharashtra', 'govt', 'resumes', 'talks', 'on', 'buying', 'air', 'india', 'building']",maharashtra govt resumes talks on buying air india building
"['nuvoco', 'vistas', 'ipo', 'subscribed', 'only', '53', 'so', 'far', 'on', 'final', 'day']",nuvoco vistas ipo subscribed only 53 so far on final day
"['tech', 'view', 'nifty', 'looks', 'directionless', 'as', 'it', 'continues', 'to', 'consolidate']",tech view nifty looks directionless as it continues to consolidate
"['new', 'strategy', 'pwc', 'india', 'to', 'create', '10000', 'additional', 'jobs', 'in', 'the', 'next', '5', 'years']",new strategy pwc india to create 10000 additional jobs in the next 5 years
"['pnb', 'housing', 'finance', 'plans', 'rs', '35000', 'cr', 'debt', 'capital', 'as', 'carlyle', 'deal', 'hangs', 'fire']",pnb housing finance plans rs 35000 cr debt capital as carlyle deal hangs fire
"['kvb', 'contributes', 'rs', '10', 'lakh', 'under', 'csr', 'to', 'hold', 'free', 'vaccination', 'drive']",kvb contributes rs 10 lakh under csr to hold free vaccination drive
"['karnatakas', 'only', 'weakness', 'is', 'entrepreneurship', 'quality', 'government', 'will', 'improve', 'it', 'says', 'cm']",karnatakas only weakness is entrepreneurship quality government will improve it says cm
"['government', 'finalising', 'plan', 'to', 'monetise', 'rs', '6', 'lakh', 'crore', 'infra', 'assets', 'dipam', 'secy']",government finalising plan to monetise rs 6 lakh crore infra assets dipam secy
"['sunk', 'ongc', 'barge', 'had', 'safety', 'seaworthiness', 'certificates', 'minister']",sunk ongc barge had safety seaworthiness certificates minister
"['vils', 'position', 'may', 'be', 'tough', 'even', 'post', 'relief', 'measures', 'needs', 'meaningful', 'capital', 'infusion', 'report']",vils position may be tough even post relief measures needs meaningful capital infusion report
"['chemplast', 'sanmar', 'ipo', 'attracts', '21', 'bids', 'so', 'far', 'on', 'day', '2']",chemplast sanmar ipo attracts 21 bids so far on day 2
"['cartrade', 'tech', 'ipo', 'subscribed', '2', '6', 'times', 'so', 'far', 'on', 'final', 'day']",cartrade tech ipo subscribed 2 6 times so far on final day
"['zomato', 'to', 'do', 'earnings', 'analyst', 'calls', 'once', 'a', 'year']",zomato to do earnings analyst calls once a year
"['weak', 'rainfall', 'activity', 'over', 'country', 'to', 'continue', 'till', 'august', '15', 'imd']",weak rainfall activity over country to continue till august 15 imd
"['agriculture', 'sector', 'records', 'new', 'business', 'registration', 'growth', 'at', '103', 'in', 'fy21']",agriculture sector records new business registration growth at 103 in fy21
"['took', 'conservative', 'approach', 'while', 'phasing', 'out', 'npas', 'vp', 'nandakumar', 'manappuram', 'finance']",took conservative approach while phasing out npas vp nandakumar manappuram finance
"['possibility', 'of', 'third', 'covid', '19', 'wave', 'calls', 'for', 'preparedness', 'hindustan', 'zinc', 'ceo']",possibility of third covid 19 wave calls for preparedness hindustan zinc ceo
"['my', 'target', 'is', 'to', 'achieve', '100', 'km', 'per', 'day', 'of', 'highway', 'construction', 'nitin', 'gadkari']",my target is to achieve 100 km per day of highway construction nitin gadkari
"['bubble', 'in', 'primary', 'markets', 'bigger', 'than', 'the', 'one', 'in', 'secondary', 'markets', 'nikhil', 'kamath']",bubble in primary markets bigger than the one in secondary markets nikhil kamath
"['unacademy', 'ropes', 'in', 'ms', 'dhoni', 'as', 'brand', 'ambassador']",unacademy ropes in ms dhoni as brand ambassador
"['day', 'trading', 'guide', '2', 'stock', 'recommendations', 'for', 'thursday']",day trading guide 2 stock recommendations for thursday
"['tmc', 'leader', 'abhishek', 'banerjee', 'others', 'booked', 'in', 'tripura', 'for', 'obstructing', 'cops', 'from', 'discharging', 'duty']",tmc leader abhishek banerjee others booked in tripura for obstructing cops from discharging duty
"['why', 'quiet', 'on', 'caste', 'census', 'congress', 'asks', 'govt', 'in', 'rs']",why quiet on caste census congress asks govt in rs
"['nickel', 'futures', 'slide', 'on', 'tepid', 'demand']",nickel futures slide on tepid demand
"['ladakh', 'to', 'host', 'the', 'first', 'edition', 'of', 'himalayan', 'film', 'festival', 'from', 'september', '24']",ladakh to host the first edition of himalayan film festival from september 24
"['exports', 'may', 'touch', '1', 'trillion', 'by', 'fy28', 'rodtep', 'rates', 'likely', 'by', 'friday', 'secy']",exports may touch 1 trillion by fy28 rodtep rates likely by friday secy
"['india', 'has', 'key', 'role', 'to', 'play', 'in', 'contributing', 'to', 'diversification', 'of', 'global', 'supply', 'chain', 'singapore', 'deputy', 'pm']",india has key role to play in contributing to diversification of global supply chain singapore deputy pm
"['copper', 'futures', 'fall', 'on', 'weak', 'demand']",copper futures fall on weak demand
"['fintechs', 'attract', 'record', '2', 'billion', 'in', 'h1', 'report']",fintechs attract record 2 billion in h1 report
"['curtailing', 'session', 'not', 'good', 'for', 'country', 'and', 'democracy', 'says', 'congress']",curtailing session not good for country and democracy says congress
"['health', 'minister', 'mandaviya', 'counters', 'sisodia', 'shares', 'communication', 'on', 'oxygen', 'related', 'deaths']",health minister mandaviya counters sisodia shares communication on oxygen related deaths
"['fo', 'bulls', 'holding', 'fort', 'but', 'bank', 'stocks', 'proving', 'a', 'drag']",fo bulls holding fort but bank stocks proving a drag
"['maharashtra', 'company', 'starts', 'human', 'trials', 'of', 'drug', 'aimed', 'at', 'mild', 'moderate', 'cases', 'of', 'covid', '19']",maharashtra company starts human trials of drug aimed at mild moderate cases of covid 19
"['indias', 'stricter', 'emissions', 'rules', 'will', 'hit', 'car', 'sales', 'maruti']",indias stricter emissions rules will hit car sales maruti
"['kerala', 'hc', 'stays', 'order', 'appointing', 'commission', 'of', 'inquiry', 'to', 'look', 'into', 'ed', 'probe', 'of', 'gold', 'smuggling', 'case']",kerala hc stays order appointing commission of inquiry to look into ed probe of gold smuggling case
"['sebi', 'eases', 'operational', 'procedure', 'to', 'make', 'fee', 'payments']",sebi eases operational procedure to make fee payments
"['zomato', 'says', 'it', 'will', 'do', 'earnings', 'analyst', 'calls', 'once', 'a', 'year']",zomato says it will do earnings analyst calls once a year
"['vice', 'president', 'venkaiah', 'naidu', 'completes', 'four', 'years', 'in', 'office']",vice president venkaiah naidu completes four years in office
"['crude', 'oil', 'futures', 'dip', 'on', 'weak', 'spot', 'demand']",crude oil futures dip on weak spot demand
"['rupee', 'settles', 'on', 'flat', 'note', 'down', '1', 'paisa', 'against', 'us', 'dollar']",rupee settles on flat note down 1 paisa against us dollar
"['isro', 'countdown', 'for', 'launch', 'of', 'eos', '03', 'satellite', 'begins']",isro countdown for launch of eos 03 satellite begins
"['fuel', 'demand', 'rebound', 'to', 'drive', 'earnings', 'of', 'oil', 'firms', 'moodys']",fuel demand rebound to drive earnings of oil firms moodys
"['fag', 'end', 'buying', 'cuts', 'sensexs', 'losses', 'to', '29', 'pts', 'tata', 'steel', 'jumps', '4']",fag end buying cuts sensexs losses to 29 pts tata steel jumps 4
"['india', 'leads', 'dubai', 'airports', 'passenger', 'traffic', 'recovery', 'after', 'covid', '19', 'pandemic']",india leads dubai airports passenger traffic recovery after covid 19 pandemic
"['from', 'lothal', 'to', 'the', 'horseshoe', 'table', 'indias', 'maritime', 'journey']",from lothal to the horseshoe table indias maritime journey
"['ajit', 'pawar', 'seeks', 'pms', 'intervention', 'in', 'maharashtra', 'karnataka', 'border', 'row']",ajit pawar seeks pms intervention in maharashtra karnataka border row
"['up', 'cm', 'asks', 'officials', 'to', 'consider', 'partial', 'relaxation', 'in', 'two', 'day', 'weekly', 'closure', 'of', 'shops', 'markets']",up cm asks officials to consider partial relaxation in two day weekly closure of shops markets
"['pwc', 'india', 'to', 'invest', 'rs', '1600', 'crore', 'create', '10000', 'additional', 'jobs', 'over', '5', 'years']",pwc india to invest rs 1600 crore create 10000 additional jobs over 5 years
"['samsung', 'galaxy', 'unpacked', '2021', 'what', 'to', 'expect', 'where', 'to', 'watch', 'it', 'live']",samsung galaxy unpacked 2021 what to expect where to watch it live
"['analysts', 'suddenly', 'gung', 'ho', 'on', 'this', 'psu', 'bank', 'see', 'up', 'to', '50', 'upside']",analysts suddenly gung ho on this psu bank see up to 50 upside
"['how', 'to', 'deliver', 'good', 'corporate', 'governance', 'by', 'first', 'making', 'the', 'boards', 'effective']",how to deliver good corporate governance by first making the boards effective
"['guar', 'gum', 'futures', 'fall', 'on', 'low', 'demand']",guar gum futures fall on low demand
"['cadila', 'healthcare', 'q1', 'results', 'net', 'profit', 'rises', '29', 'to', 'rs', '587', 'cr']",cadila healthcare q1 results net profit rises 29 to rs 587 cr
"['how', 'to', 'deal', 'with', 'a', 'troublesome', 'or', 'corrupt', 'rwa']",how to deal with a troublesome or corrupt rwa
"['grip', 'invest', 'raises', 'rs', '21', 'crore', 'from', 'venture', 'highway', 'others']",grip invest raises rs 21 crore from venture highway others
"['jbm', 'auto', 'q1', 'results', 'auto', 'components', 'maker', 'posts', 'net', 'profit', 'of', 'rs', '12', 'cr']",jbm auto q1 results auto components maker posts net profit of rs 12 cr
"['explainer', 'what', 'is', 'the', 'new', 'bse', 'rule', 'that', 'is', 'hurting', 'midcaps', 'smallcaps']",explainer what is the new bse rule that is hurting midcaps smallcaps
"['it', 'is', 'a', 'challenging', 'ever', 'changing', 'situation', 'but', 'motherson', 'sumi', 'is', 'geared', 'to', 'take', 'care', 'of', 'it', 'vivek', 'chaand', 'sehgal']",it is a challenging ever changing situation but motherson sumi is geared to take care of it vivek chaand sehgal
"['rajya', 'sabha', 'debates', 'constitution', 'amendment', 'bill', 'on', 'restoring', 'states', 'power', 'on', 'obc', 'list']",rajya sabha debates constitution amendment bill on restoring states power on obc list
"['kejriwal', 'launches', '33', 'faceless', 'services', 'of', 'transport', 'department']",kejriwal launches 33 faceless services of transport department
"['former', 'oyo', 'uber', 'executives', 'startup', 'raises', '3', '5', 'million', 'from', 'elevation', 'capital']",former oyo uber executives startup raises 3 5 million from elevation capital
"['par', 'panel', 'not', 'to', 'push', 'for', 'lowering', 'age', 'limit', 'to', '16', 'yrs', 'for', 'juveniles', 'involved', 'in', 'serious', 'pocso', 'cases']",par panel not to push for lowering age limit to 16 yrs for juveniles involved in serious pocso cases
"['us', 'lawmakers', 'urge', 'permanent', 'residency', 'roadmap', 'for', 'children', 'of', 'legal', 'immigrants']",us lawmakers urge permanent residency roadmap for children of legal immigrants
"['india', 'could', 'use', 'its', 'foreign', 'exchange', 'reserves', 'for', 'building', 'infrastructure', 'nitin', 'gadkari']",india could use its foreign exchange reserves for building infrastructure nitin gadkari
"['why', 'ireland', 'is', 'the', 'best', 'study', 'abroad', 'destination']",why ireland is the best study abroad destination
"['crypto', 'markets', 'are', 'recovering', 'and', 'mining', 'companies', 'in', 'north', 'america', 'are', 'raking', 'in', 'the', 'gains']",crypto markets are recovering and mining companies in north america are raking in the gains
"['several', 'buses', 'and', 'vehicle', 'buries', 'in', 'another', 'major', 'landslide', 'in', 'himachal', 'pradeshs', 'kannaur', 'district']",several buses and vehicle buries in another major landslide in himachal pradeshs kannaur district
"['what', 'is', 'the', 'procedure', 'for', 'gst', 'registration']",what is the procedure for gst registration
"['coriander', 'futures', 'rise', 'on', 'spot', 'demand']",coriander futures rise on spot demand
"['furlenco', 'rejigs', 'model', 'starts', 'house', 'of', 'kieraya', 'as', 'umbrella', 'brand']",furlenco rejigs model starts house of kieraya as umbrella brand
"['how', 'to', 'use', 'the', 'selloff', 'in', 'broader', 'market', 'to', 'your', 'advantage']",how to use the selloff in broader market to your advantage
"['90', 'cylinders', 'given', 'under', 'ujjwala', 'in', 'disuse', 'women', 'forced', 'to', 'cook', 'using', 'firewood', 'priyanka', 'gandhi', 'vadra']",90 cylinders given under ujjwala in disuse women forced to cook using firewood priyanka gandhi vadra
"['a', 'new', 'phishing', 'attack', 'lurking', 'to', 'scam', 'banking', 'customers', 'advisory']",a new phishing attack lurking to scam banking customers advisory
"['japanese', 'shares', 'end', 'higher', 'for', 'fourth', 'day', 'on', 'earnings', 'rising', 'us', 'yields']",japanese shares end higher for fourth day on earnings rising us yields
"['commodity', 'strategies', 'gold', 'silver', 'crude', 'base', 'metals']",commodity strategies gold silver crude base metals
"['european', 'shares', 'eye', 'longest', 'winning', 'streak', 'since', 'june']",european shares eye longest winning streak since june
"['lenskart', 'plans', 'to', 'hire', 'over', '2000', 'people', 'across', 'functions', 'by', '2022']",lenskart plans to hire over 2000 people across functions by 2022
"['field', 'hockey', 'most', 'talked', 'about', 'sport', 'on', 'twitter', 'in', 'india', 'neeraj', 'chopra', 'third', 'most', 'talked', 'about', 'athlete', 'globally']",field hockey most talked about sport on twitter in india neeraj chopra third most talked about athlete globally
"['after', 'broad', 'market', 'sell', 'off', 'bse', 'clarifies', 'new', 'surveillance', 'rules']",after broad market sell off bse clarifies new surveillance rules
"['spent', 'sleepless', 'night', 'after', 'sacrilege', 'in', 'temple', 'of', 'democracy', 'venkaiah', 'naidu', 'after', 'oppn', 'protest', 'in', 'rs']",spent sleepless night after sacrilege in temple of democracy venkaiah naidu after oppn protest in rs
"['as', 'a', 'diversified', 'company', 'outlook', 'very', 'stable', 'in', 'medium', 'term', 'hk', 'joshi', 'sci']",as a diversified company outlook very stable in medium term hk joshi sci
"['australian', 'shares', 'end', 'at', 'record', 'high', 'as', 'cba', 'boosts', 'financials']",australian shares end at record high as cba boosts financials
"['shanghai', 'stocks', 'edge', 'up', 'while', 'blue', 'chip', 'index', 'drops']",shanghai stocks edge up while blue chip index drops
"['stars', 'getting', 'aligned', 'for', 'real', 'estate', 'sector', 'says', 'nilesh', 'shah', 'should', 'you', 'invest']",stars getting aligned for real estate sector says nilesh shah should you invest
"['concerns', 'about', 'kharif', 'sowing', 'persist', 'due', 'to', 'uneven', 'distribution', 'of', 'rainfall', 'says', 'crisil']",concerns about kharif sowing persist due to uneven distribution of rainfall says crisil
"['speaker', 'om', 'birla', 'says', 'it', 'pained', 'him', 'that', 'lok', 'sabha', 'did', 'not', 'run', 'smoothly', 'during', 'monsoon', 'session']",speaker om birla says it pained him that lok sabha did not run smoothly during monsoon session
"['margot', 'robbie', 'joins', 'cast', 'of', 'wes', 'andersons', 'next', 'film']",margot robbie joins cast of wes andersons next film
"['big', 'realty', 'developers', 'entering', 'flexible', 'office', 'segment', 'amid', 'covid', 'uncertainty']",big realty developers entering flexible office segment amid covid uncertainty
"['over', 'rs', '400', 'crore', 'disbursed', 'to', '85', 'aspirational', 'districts', 'so', 'far']",over rs 400 crore disbursed to 85 aspirational districts so far
"['revenue', 'secretary', 'tarun', 'bajaj', 'pushes', 'corporate', 'sector', 'to', 'revive', 'animal', 'spirits']",revenue secretary tarun bajaj pushes corporate sector to revive animal spirits
"['do', 'not', 'want', 'to', 'give', 'priority', 'to', 'senior', 'lawyers', 'in', 'mentioning', 'of', 'cases', 'for', 'urgent', 'hearing', 'says', 'sc']",do not want to give priority to senior lawyers in mentioning of cases for urgent hearing says sc
"['where', 'should', 'i', 'invest', 'to', 'create', 'rs', '25', 'lakh', 'in', '3', '5', 'years']",where should i invest to create rs 25 lakh in 3 5 years
"['explainer', 'how', 'does', 'cryptocurrency', 'fits', 'into', 'infrastructure', 'bill']",explainer how does cryptocurrency fits into infrastructure bill
"['anurag', 'thakur', 'says', 'congress', 'mps', 'conduct', 'in', 'rs', 'shameful', 'likens', 'his', 'act', 'to', 'vandalism', 'at', 'red', 'fort']",anurag thakur says congress mps conduct in rs shameful likens his act to vandalism at red fort
"['indian', 'team', 'wins', 'us', 'innovation', 'award']",indian team wins us innovation award
"['no', 'early', 'assembly', 'polls', 'in', 'goa', 'cm', 'pramod', 'sawant']",no early assembly polls in goa cm pramod sawant
"['over', '8700', 'atal', 'tinkering', 'labs', 'set', 'up', 'in', 'schools', 'across', 'the', 'country', 'govt']",over 8700 atal tinkering labs set up in schools across the country govt
"['as', 'gold', 'prices', 'lose', 'sheen', 'one', 'nbfc', 'stock', 'sees', 'bear', 'mauling']",as gold prices lose sheen one nbfc stock sees bear mauling
"['unvaccinated', 'people', 'those', 'allergic', 'to', 'drugs', 'can', 'go', 'out', 'for', 'essential', 'items', 'if', 'none', 'inoculated', 'in', 'household', 'kerala', 'govt', 'to', 'hc']",unvaccinated people those allergic to drugs can go out for essential items if none inoculated in household kerala govt to hc
"['kfc', 'pizza', 'hut', 'operator', 'sapphire', 'foods', 'files', 'ipo', 'papers', 'with', 'sebi']",kfc pizza hut operator sapphire foods files ipo papers with sebi
"['maharashtra', 'government', 'sets', 'up', 'it', 'award', 'in', 'rajiv', 'gandhis', 'name']",maharashtra government sets up it award in rajiv gandhis name
"['targeting', 'turnover', 'of', 'rs', '2000', 'crore', 'by', 'end', 'of', 'march', '24', 'vinod', 'kumar', 'gupta', 'dollar', 'industries']",targeting turnover of rs 2000 crore by end of march 24 vinod kumar gupta dollar industries
"['kerala', 'logs', 'more', 'than', 'half', 'of', 'indias', 'total', 'covid', 'cases', 'in', 'the', 'last', 'week', 'gov', 'to', 'enforce', 'stringent', 'lockdown', 'restrictions']",kerala logs more than half of indias total covid cases in the last week gov to enforce stringent lockdown restrictions
"['indian', 'diaspora', 'organisation', 'to', 'hoist', 'biggest', 'tricolour', 'unfurled', 'at', 'times', 'square', 'to', 'mark', 'indias', '75th', 'independence', 'day']",indian diaspora organisation to hoist biggest tricolour unfurled at times square to mark indias 75th independence day
"['vodafone', 'idea', 'files', 'review', 'petition', 'in', 'sc', 'against', 'error', 'in', 'agr', 'ruling']",vodafone idea files review petition in sc against error in agr ruling
"['how', 'effective', 'are', 'vaccines', 'against', 'covid', '19', 'variants', 'and', 'how', 'can', 'you', 'stay', 'safe', 'a', 'doctor', 'answers', '5', 'questions']",how effective are vaccines against covid 19 variants and how can you stay safe a doctor answers 5 questions
"['grains', 'soybeans', 'tumble', 'as', 'spreading', 'virus', 'fuels', 'demand', 'concerns']",grains soybeans tumble as spreading virus fuels demand concerns
"['stormy', 'monsoon', 'session', 'ends', 'as', 'lok', 'sabha', 'adjourns', 'sine', 'die']",stormy monsoon session ends as lok sabha adjourns sine die
"['this', 'mukul', 'agrawals', 'stock', 'bet', 'plunged', '20', 'today', 'heres', 'why']",this mukul agrawals stock bet plunged 20 today heres why
"['rupee', 'inches', '4', 'paise', 'higher', 'to', '74', '39', 'against', 'us', 'dollar']",rupee inches 4 paise higher to 74 39 against us dollar
"['lupin', 'q1', 'results', 'net', 'profit', 'jumps', '5', 'fold', 'to', 'rs', '542', 'crore']",lupin q1 results net profit jumps 5 fold to rs 542 crore
"['buy', 'hindalco', 'industries', 'target', 'price', 'rs', '512', 'geojitnbsp']",buy hindalco industries target price rs 512 geojitnbsp
"['zomato', 'climbs', '5', 'after', 'reporting', 'big', 'q1', 'loss', 'heres', 'what', 'analysts', 'said']",zomato climbs 5 after reporting big q1 loss heres what analysts said
"['altigreen', 'enters', 'chennai', 'with', 'road', 'ready', 'evs']",altigreen enters chennai with road ready evs
"['small', 'businesses', 'up', 'digital', 'quotient', 'kantar']",small businesses up digital quotient kantar
"['sanjay', 'leela', 'bhansali', 'to', 'make', 'digital', 'debut', 'with', 'mega', 'series', 'heeramandi']",sanjay leela bhansali to make digital debut with mega series heeramandi
"['rice', 'exports', 'expected', 'to', 'be', 'lower', 'in', 'fy22', 'compared', 'to', 'fy21']",rice exports expected to be lower in fy22 compared to fy21
"['scepticism', 'over', 'at', '1', 'bonds', 'may', 'hit', 'smaller', 'psu', 'banks']",scepticism over at 1 bonds may hit smaller psu banks
"['rising', 'seas', 'and', 'melting', 'glaciers', 'these', 'changes', 'are', 'now', 'irreversible', 'but', 'we', 'have', 'to', 'act', 'to', 'slow', 'them', 'down']",rising seas and melting glaciers these changes are now irreversible but we have to act to slow them down
"['rupifi', 'ceo', 'marks', 'calendar', 'reminders', 'to', 'stay', 'hydrated', 'cooking', 'acts', 'as', 'a', 'stress', 'buster']",rupifi ceo marks calendar reminders to stay hydrated cooking acts as a stress buster
"['remembering', 'khudiram', 'bose', 'the', 'brave', 'freedom', 'fighter', 'on', 'his', 'death', 'anniversary']",remembering khudiram bose the brave freedom fighter on his death anniversary
"['nps', 'risk', 'return', 'profile', 'has', 'changed', 'what', 'it', 'means', 'for', 'investors', 'what', 'they', 'should', 'do', 'now']",nps risk return profile has changed what it means for investors what they should do now
"['ril', 'makes', 'clean', 'energy', 'move', 'with', '50m', 'deal']",ril makes clean energy move with 50m deal
"['top', 'cryptocurrency', 'prices', 'today', 'cardano', 'xrp', 'dogecoin', 'jump', 'up', 'to', '17']",top cryptocurrency prices today cardano xrp dogecoin jump up to 17
"['buy', 'kalyan', 'jewellers', 'india', 'target', 'price', 'rs', '95', 'icici', 'securities']",buy kalyan jewellers india target price rs 95 icici securities
"['maharashtra', 'timings', 'of', 'shops', 'restaurants', 'extended', 'in', 'pune', 'malls', 'to', 'open', 'for', 'fully', 'vaccinated']",maharashtra timings of shops restaurants extended in pune malls to open for fully vaccinated
"['buy', 'motherson', 'sumi', 'systems', 'target', 'price', 'rs', '312', 'icici', 'securities']",buy motherson sumi systems target price rs 312 icici securities
"['how', 'does', 'covid', 'affect', 'the', 'brain', 'two', 'neuroscientists', 'explain']",how does covid affect the brain two neuroscientists explain
"['buy', 'jindal', 'steel', 'amp', 'power', 'target', 'price', 'rs', '450', 'icici', 'securities']",buy jindal steel amp power target price rs 450 icici securities
"['sell', 'berger', 'paints', 'india', 'target', 'price', 'rs', '650', 'emkay', 'globalnbsp']",sell berger paints india target price rs 650 emkay globalnbsp
"['joe', 'biden', 'rules', 'out', 'changes', 'in', 'us', 'troop', 'withdrawal', 'plan', 'from', 'afghanistan']",joe biden rules out changes in us troop withdrawal plan from afghanistan
"['add', 'godrej', 'agrovet', 'target', 'price', 'rs', '720', 'icici', 'securities']",add godrej agrovet target price rs 720 icici securities
"['lok', 'sabha', 'nod', 'to', 'obc', 'bill']",lok sabha nod to obc bill
"['india', 'reports', '38353', 'new', 'covid', 'cases', 'active', 'cases', 'drop', 'to', '140', 'day', 'low']",india reports 38353 new covid cases active cases drop to 140 day low
"['soyabean', 'futures', 'fall', 'on', 'rumours', 'about', 'soyameal', 'imports']",soyabean futures fall on rumours about soyameal imports
"['runway', '4', 'of', 'delhis', 'igi', 'airport', 'nears', 'completion', 'will', 'make', 'delhi', 'airport', 'indias', 'first', 'with', 'four', 'runways']",runway 4 of delhis igi airport nears completion will make delhi airport indias first with four runways
"['hdfc', 'bank', 'receives', 'rs', '30000', 'crore', 'prepayments', 'amid', 'signs', 'of', 'economic', 'recovery', 'and', 'deliveraging']",hdfc bank receives rs 30000 crore prepayments amid signs of economic recovery and deliveraging
"['add', 'whirlpool', 'of', 'india', 'target', 'price', 'rs', '2364', 'icici', 'securities']",add whirlpool of india target price rs 2364 icici securities
"['assam', 'cm', 'himanta', 'biswa', 'sarma', 'meets', 'pm', 'modi', 'requests', 'transfer', 'of', 'ongc', 'acreages', 'to', 'oil']",assam cm himanta biswa sarma meets pm modi requests transfer of ongc acreages to oil
"['from', 'meerut', 'to', 'madrid', 'logistics', 'lessons', 'india', 'can', 'port', 'from', 'china']",from meerut to madrid logistics lessons india can port from china
"['global', 'banks', 'unwind', 'lucrative', 'india', 'trades', 'after', 'rbi', 'warning']",global banks unwind lucrative india trades after rbi warning
"['jio', 'may', 'not', 'be', 'able', 'to', 'replicate', 'indian', 'success', 'in', 'europe', 'ubs']",jio may not be able to replicate indian success in europe ubs
"['ping', 'gets', '3', '5', 'million', 'in', 'seed', 'funding', 'from', 'elevation', 'capital']",ping gets 3 5 million in seed funding from elevation capital
"['bharat', 'bio', 'gets', 'nod', 'to', 'make', 'covaxin', 'from', 'gujarat', 'facility']",bharat bio gets nod to make covaxin from gujarat facility
"['extend', 'rte', 'to', 'minority', 'institutions', 'ncpcr']",extend rte to minority institutions ncpcr
"['buy', 'coal', 'india', 'target', 'price', 'rs', '234', 'icici', 'securities']",buy coal india target price rs 234 icici securities
"['can', 'e', 'rupi', 'become', 'the', 'game', 'changer', 'for', 'digital', 'currency', 'adoption', 'in', 'india']",can e rupi become the game changer for digital currency adoption in india
"['zomatos', 'earnings', 'report', 'stellariss', 'second', 'india', 'fund']",zomatos earnings report stellariss second india fund
"['flexible', 'workspaces', 'will', 'be', 'the', 'future', 'for', 'companies']",flexible workspaces will be the future for companies
"['right', 'now', 'the', 'best', 'strategy', 'is', 'to', 'stay', 'neutral', 'gurmeet', 'chadha']",right now the best strategy is to stay neutral gurmeet chadha
"['indias', 'coindcx', 'may', 'be', 'the', 'newest', 'crypto', 'exchange', 'to', 'join', 'the', 'unicorn', 'club']",indias coindcx may be the newest crypto exchange to join the unicorn club
"['indian', 'crypto', 'exchange', 'coindcx', 'has', 'joined', 'the', 'crypto', 'unicorn', 'club', 'after', 'new', 'funding']",indian crypto exchange coindcx has joined the crypto unicorn club after new funding
"['after', 'tepid', '2020', 'unlock', 'export', 'bets', 'help', 'vijay', 'kedia', 'turn', 'the', 'tables']",after tepid 2020 unlock export bets help vijay kedia turn the tables
"['add', 'ujjivan', 'small', 'finance', 'bank', 'target', 'price', 'rs', '31', 'centrum', 'broking']",add ujjivan small finance bank target price rs 31 centrum broking
"['reduce', 'apl', 'apollo', 'tubes', 'target', 'price', 'rs', '1668', 'centrum', 'broking']",reduce apl apollo tubes target price rs 1668 centrum broking
"['4k', 'crore', 'breakfastschool', 'plan', 'vetoed', 'by', 'finmin']",4k crore breakfastschool plan vetoed by finmin
"['rbi', 'looks', 'to', 'cut', 'red', 'tape', 'to', 'let', 'cos', 'raise', 'funds', 'overseas']",rbi looks to cut red tape to let cos raise funds overseas
"['bitcoin', 'roars', 'back', 'putting', '100000', 'predictions', 'in', 'vogue', 'again']",bitcoin roars back putting 100000 predictions in vogue again
"['wall', 'street', 'edges', 'higher', 'at', 'open', 'ahead', 'of', 'infrastructure', 'bill', 'vote']",wall street edges higher at open ahead of infrastructure bill vote
"['buy', 'bata', 'india', 'target', 'price', 'rs', '1800', 'yes', 'securities']",buy bata india target price rs 1800 yes securities
"['coinbase', 'says', 'attentive', 'to', 'regulatory', 'concerns', 'after', 'profit', 'beat']",coinbase says attentive to regulatory concerns after profit beat
"['asian', 'shares', 'held', 'back', 'by', 'delta', 'worries', 'dollar', 'us', 'yields', 'gain']",asian shares held back by delta worries dollar us yields gain
"['gold', 'inches', 'lower', 'on', 'firm', 'dollar', 'yields', 'us', 'inflation', 'data', 'in', 'focus']",gold inches lower on firm dollar yields us inflation data in focus
"['oil', 'crawls', 'higher', 'on', 'solid', 'us', 'demand', 'outlook', 'despite', 'delta', 'surge']",oil crawls higher on solid us demand outlook despite delta surge
"['stocks', 'in', 'the', 'news', 'zomato', 'ril', 'cadila', 'healthcare', 'power', 'grid', 'and', 'siemens']",stocks in the news zomato ril cadila healthcare power grid and siemens
"['amc', 'gives', 'up', 'gains', 'after', 'quarterly', 'results', 'film', 'release', 'deal']",amc gives up gains after quarterly results film release deal
"['feds', 'evans', 'wants', 'few', 'more', 'job', 'reports', 'before', 'bond', 'taper']",feds evans wants few more job reports before bond taper
"['china', 'goes', 'on', 'defensive', 'after', 'abbotts', 'india', 'trip', 'to', 'push', 'trade', 'deal']",china goes on defensive after abbotts india trip to push trade deal
"['sgx', 'nifty', 'up', '35', 'points', 'heres', 'what', 'changed', 'for', 'market', 'while', 'you', 'were', 'sleeping']",sgx nifty up 35 points heres what changed for market while you were sleeping
"['fed', 'taper', 'talk', 'lifts', 'dollar', 'ahead', 'of', 'inflation', 'test']",fed taper talk lifts dollar ahead of inflation test
"['should', 'south', 'indias', 'consumers', 'pay', 'a', 'steep', '18', 'gst', 'for', 'upma', 'or', 'puliyogare', 'mix']",should south indias consumers pay a steep 18 gst for upma or puliyogare mix
"['buy', 'hdfc', 'target', 'price', 'rs', '2780', 'yes', 'securities']",buy hdfc target price rs 2780 yes securities
"['nclt', 'dismisses', 'insolvency', 'resolution', 'withdrawal', 'application', 'of', 'rolta', 'india', 'promoters']",nclt dismisses insolvency resolution withdrawal application of rolta india promoters
"['thapar', 'case', 'may', 'have', 'huge', 'fallout', 'court']",thapar case may have huge fallout court
"['daily', 'covid', 'cases', 'rising', 'in', '37', 'districts', 'in', 'nine', 'states']",daily covid cases rising in 37 districts in nine states
"['jspl', 'q1', 'results', 'co', 'posts', 'multifold', 'jump', 'in', 'net', 'profit', 'to', 'rs', '2516', 'crore']",jspl q1 results co posts multifold jump in net profit to rs 2516 crore
"['jspl', 'pat', 'jumps', '11', 'fold', 'to', '2516', 'cr']",jspl pat jumps 11 fold to 2516 cr
"['japans', 'technopro', 'buys', 'robosoft', 'for', '805', 'crore']",japans technopro buys robosoft for 805 crore
"['tata', 'singapore', 'airlines', 'pump', 'in', 'rs', '750', 'crore', 'into', 'vistara']",tata singapore airlines pump in rs 750 crore into vistara
"['small', 'cap', 'selloff', 'poor', 'q1', 'hit', 'neuland', 'hard']",small cap selloff poor q1 hit neuland hard
"['pm', 'asks', 'bjp', 'mps', 'to', 'promote', 'sports', 'in', 'their', 'constituencies']",pm asks bjp mps to promote sports in their constituencies
"['ap', 'reports', 'o2', 'shortage', 'deaths', 'govt', 'in', 'parl']",ap reports o2 shortage deaths govt in parl
"['tech', 'bodies', 'from', 'us', 'and', 'uk', 'oppose', 'mandatory', 'use', 'of', 'indian', '5g', 'standard']",tech bodies from us and uk oppose mandatory use of indian 5g standard
"['analysts', 'neutral', 'or', 'bearish', 'on', 'shree', 'cement', 'post', 'q1', 'show']",analysts neutral or bearish on shree cement post q1 show
"['growths', 'for', 'starters', 'zomato', 'must', 'deliver', 'profit', 'in', 'main', 'course']",growths for starters zomato must deliver profit in main course
"['bharti', 'airtel', 'hits', 'new', 'highs', 'on', 'improving', 'biz', 'prospects']",bharti airtel hits new highs on improving biz prospects
"['rs', 'protest', 'sees', 'mps', 'standing', 'on', 'secy', 'gen', 'and', 'reporters', 'desks']",rs protest sees mps standing on secy gen and reporters desks
"['bse', 'clampdown', 'on', 'price', 'gains', 'hits', 'small', 'mid', 'cap', 'stocks']",bse clampdown on price gains hits small mid cap stocks
"['semiconductor', 'crunch', 'throws', 'auto', 'production', 'out', 'of', 'gear']",semiconductor crunch throws auto production out of gear
"['ahead', 'of', 'state', 'polls', 'division', 'in', 'punjab', 'congress', 'widens']",ahead of state polls division in punjab congress widens
"['amazons', 'amandeep', 'lohan', 'is', 'now', 'appario', 'retails', 'md', 'ceo']",amazons amandeep lohan is now appario retails md ceo
"['amazon', 'to', 'appoint', 'independent', 'sellers', 'to', 'take', 'over', 'cloudtail', 'business']",amazon to appoint independent sellers to take over cloudtail business
"['calcutta', 'hc', 'seeks', 'affidavit', 'from', 'west', 'bengal', 'govt', 'in', 'connection', 'with', 'pil', 'filed', 'by', 'bjp', 'mla', 'ambika', 'ray']",calcutta hc seeks affidavit from west bengal govt in connection with pil filed by bjp mla ambika ray
"['sebi', 'merges', 'debt', 'securities', 'rules', 'into', 'single', 'regulation']",sebi merges debt securities rules into single regulation
"['buy', 'neogen', 'chemicals', 'target', 'price', 'rs', '1095', 'icici', 'direct']",buy neogen chemicals target price rs 1095 icici direct
"['tata', 'tele', 'maha', 'q1', 'loss', 'narrows', 'to', 'rs', '318', '45', 'crore']",tata tele maha q1 loss narrows to rs 318 45 crore
"['eveready', 'industries', 'q1', 'net', 'profit', 'up', '21', 'to', 'rs', '30', 'crore']",eveready industries q1 net profit up 21 to rs 30 crore
"['manappuram', 'finance', 'q1', 'results', 'net', 'profit', 'rises', '26', 'to', 'rs', '417', 'crore']",manappuram finance q1 results net profit rises 26 to rs 417 crore
"['godrej', 'agrovet', 'q1', 'profit', 'up', '4', '1', 'at', 'rs', '105', 'cr']",godrej agrovet q1 profit up 4 1 at rs 105 cr
"['prestige', 'estates', 'q1', 'profit', 'jumps', 'to', 'rs', '93', 'cr', 'co', 'to', 'raise', 'up', 'to', 'rs', '1000', 'cr']",prestige estates q1 profit jumps to rs 93 cr co to raise up to rs 1000 cr
"['gmr', 'infra', 'plans', 'to', 'raise', 'rs', '6000', 'crore']",gmr infra plans to raise rs 6000 crore
"['future', 'supply', 'chain', 'solutions', 'net', 'loss', 'narrows', 'to', 'rs', '43', 'cr', 'in', 'jun', 'quarter']",future supply chain solutions net loss narrows to rs 43 cr in jun quarter
"['zomatos', 'revenue', 'grows', 'to', 'rs', '844', 'crore', 'as', 'losses', 'widen', '168', 'for', 'april', 'june', 'quarter']",zomatos revenue grows to rs 844 crore as losses widen 168 for april june quarter
"['sunil', 'subramaniams', 'portfolio', 'strategy', 'for', 'millennial', 'investors']",sunil subramaniams portfolio strategy for millennial investors
"['neuron7', 'ai', 'raises', '4', '2', 'million', 'as', 'seed', 'funding', 'from', 'nexus', 'others']",neuron7 ai raises 4 2 million as seed funding from nexus others
"['lionel', 'messi', 'more', 'than', 'a', 'player', 'from', 'barcelona']",lionel messi more than a player from barcelona
"['it', 'ministry', 'empanels', 'oracle', 'as', 'cloud', 'infrastructure', 'solutions', 'provider']",it ministry empanels oracle as cloud infrastructure solutions provider
"['buy', 'trent', 'target', 'price', 'rs', '1101', 'edelweiss']",buy trent target price rs 1101 edelweiss
"['tarsons', 'products', 'files', 'ipo', 'papers', 'with', 'sebi']",tarsons products files ipo papers with sebi
"['itc', 'exploring', 'acquisition', 'opportunities', 'will', 'examine', 'alternate', 'structures', 'in', 'hotel', 'biz', 'md', 'sanjiv', 'puri']",itc exploring acquisition opportunities will examine alternate structures in hotel biz md sanjiv puri
"['certificate', 'to', 'be', 'available', 'for', 'those', 'that', 'get', 'covid', 'jab', 'abroad', 'govt', 'official']",certificate to be available for those that get covid jab abroad govt official
"['irb', 'infra', 'reports', 'q1', 'net', 'profit', 'at', 'rs', '72', 'crore']",irb infra reports q1 net profit at rs 72 crore
"['govt', 'will', 'talk', 'about', 'the', 'nrc', 'after', 'covid', 'pandemic', 'is', 'over', 'assam', 'cm', 'himanta', 'biswa', 'sarma']",govt will talk about the nrc after covid pandemic is over assam cm himanta biswa sarma
"['infibeam', 'avenues', 'posts', 'rs', '13', 'cr', 'net', 'profit', 'in', 'q1']",infibeam avenues posts rs 13 cr net profit in q1
"['sensex', 'gains', 'in', 'early', 'trade', 'nifty50', 'above', '16300', 'zomato', 'climbs', '3', 'lupin', 'drops', '3']",sensex gains in early trade nifty50 above 16300 zomato climbs 3 lupin drops 3
"['ifci', 'loss', 'widens', 'to', 'rs', '718', 'cr', 'in', 'june', 'quarter']",ifci loss widens to rs 718 cr in june quarter
"['negative', 'covid', 'report', 'or', 'full', 'vaccination', 'must', 'for', 'visiting', 'himachal', 'pradesh', 'from', 'august', '13']",negative covid report or full vaccination must for visiting himachal pradesh from august 13
"['century', 'plyboards', 'q1', 'consolidated', 'net', 'profit', 'at', 'rs', '31', 'crore']",century plyboards q1 consolidated net profit at rs 31 crore
"['opposition', 'leaders', 'meet', 'to', 'evolve', 'strategy', 'on', 'pegasus', 'other', 'issues']",opposition leaders meet to evolve strategy on pegasus other issues
"['power', 'grid', 'q1', 'results', 'net', 'profit', 'jumps', 'to', 'rs', '5998', 'crore']",power grid q1 results net profit jumps to rs 5998 crore
"['demand', 'concerns', 'tied', 'to', 'pace', 'of', 'vaccination', 'third', 'wave', 'dk', 'joshi', 'crisil']",demand concerns tied to pace of vaccination third wave dk joshi crisil
"['financial', 'creditors', 'realised', '36', 'per', 'cent', 'of', 'their', 'total', 'claims', 'under', 'ibc', 'govt']",financial creditors realised 36 per cent of their total claims under ibc govt
"['yashwant', 'sinhas', 'rashtra', 'manch', 'demands', 'restoration', 'of', 'statehood', 'to', 'jammu', 'and', 'kashmir', 'by', 'year', 'end']",yashwant sinhas rashtra manch demands restoration of statehood to jammu and kashmir by year end
"['tamilnadu', 'petroproducts', 'clocks', 'q1', 'standalone', 'pat', 'at', 'rs', '55', 'cr']",tamilnadu petroproducts clocks q1 standalone pat at rs 55 cr
"['deepak', 'fertilisers', 'q1', 'consolidated', 'pat', 'rises', '7', '8', 'to', 'rs', '131', 'cr']",deepak fertilisers q1 consolidated pat rises 7 8 to rs 131 cr
"['lenskart', 'to', 'add', '2000', 'employees', 'by', '2022']",lenskart to add 2000 employees by 2022
"['mla', 'akhil', 'gogoi', 'accused', 'to', 'have', 'sought', '10', 'crore', 'to', 'join', 'mahagathbanbhan']",mla akhil gogoi accused to have sought 10 crore to join mahagathbanbhan
"['upgrad', 'for', 'business', 'inks', 'deal', 'with', 'welspun', 'india', 'to', 'strengthen', 'data', 'analytics', 'for', 'manufacturing', 'employees']",upgrad for business inks deal with welspun india to strengthen data analytics for manufacturing employees
"['v', 'mart', 'retail', 'q1', 'results', 'net', 'loss', 'at', 'rs', '29', 'crore']",v mart retail q1 results net loss at rs 29 crore
"['exports', 'up', '50', '45', 'in', '1st', 'week', 'of', 'aug']",exports up 50 45 in 1st week of aug
"['gold', 'price', 'today', 'yellow', 'metal', 'edges', 'higher', 'but', 'gains', 'capped']",gold price today yellow metal edges higher but gains capped
"['govt', 'evacuates', 'indians', 'from', 'mazar', 'e', 'sharif']",govt evacuates indians from mazar e sharif
"['asean', 'india', 'should', 'explore', 'ways', 'to', 'enhance', 'digital', 'connectivity', 'singapores', 'deputy', 'pm']",asean india should explore ways to enhance digital connectivity singapores deputy pm
"['buy', 'siemens', 'target', 'price', 'rs', '2360', 'edelweissnbsp']",buy siemens target price rs 2360 edelweissnbsp
"['trent', 'ltd', 'reports', 'rs', '138', 'crore', 'loss', 'for', 'apr', 'june']",trent ltd reports rs 138 crore loss for apr june
