headlines,headline_text
"['sidharth', 'malhotra', 'his', 'mother', 'visit', 'mumbais', 'lalbaugcha', 'raja', 'for', 'ganpati', 'darshan', 'see', 'details']",sidharth malhotra his mother visit mumbais lalbaugcha raja for ganpati darshan see details
"['rajkummar', 'rao', 'wife', 'patralekha', 'celebrate', 'ganpati', 'puja', 'with', 'lots', 'of', 'grandeur', 'see', 'details']",rajkummar rao wife patralekha celebrate ganpati puja with lots of grandeur see details
"['jaw', 'gate', 'zac', 'efron', 'opens', 'up', 'about', 'jawlines', 'plastic', 'surgery', 'rumours', 'this', 'is', 'what', 'he', 'said']",jaw gate zac efron opens up about jawlines plastic surgery rumours this is what he said
"['biden', 'admin', 'announces', 'support', 'for', 'paks', 'f', '16', 'fleet', 'sustainment', 'programme']",biden admin announces support for paks f 16 fleet sustainment programme
"['sc', 'to', 'hear', 'pleas', 'against', 'caa', 'on', '12th']",sc to hear pleas against caa on 12th
"['air', 'chief', 'marshal', 'vr', 'chaudhari', 'emphasises', 'need', 'to', 'enhance', 'operational', 'preparedness']",air chief marshal vr chaudhari emphasises need to enhance operational preparedness
"['freebie', 'economics', 'why', 'state', 'governments', 'should', 'stop', 'passing', 'the', 'buck', 'to', 'centre']",freebie economics why state governments should stop passing the buck to centre
"['ranveer', 'singh', 'tamannaah', 'bhatia', 'come', 'together', 'for', 'an', 'ad', 'campaign']",ranveer singh tamannaah bhatia come together for an ad campaign
"['lets', 'hit', 'the', 'road', 'ev', 'rider', 'indias', 'time', 'for', 'a', 'tech', 'leap', 'may', 'have', 'arrived']",lets hit the road ev rider indias time for a tech leap may have arrived
"['detailed', 'guide', 'to', 'obtaining', 'a', 'south', 'korean', 'visa']",detailed guide to obtaining a south korean visa
"['shiv', 'sena', 'bjp', 'clash', 'over', 'grave', 'of', 'mumbai', 'blast', 'mastermind']",shiv sena bjp clash over grave of mumbai blast mastermind
"['bhuvan', 'bam', 'starrer', 'taaza', 'khabars', 'trailer', 'released', 'see', 'where', 'to', 'watch']",bhuvan bam starrer taaza khabars trailer released see where to watch
"['new', 'western', 'series', 'the', 'english', 'to', 'go', 'on', 'air', 'in', 'november', 'check', 'out', 'the', 'details']",new western series the english to go on air in november check out the details
"['siju', 'wilson', 'starrer', 'pathonpatham', 'noottandu', 'releases', 'in', 'theatres', 'on', 'onam', 'see', 'what', 'actors', 'wife', 'shruti', 'vijayan', 'has', 'to', 'say']",siju wilson starrer pathonpatham noottandu releases in theatres on onam see what actors wife shruti vijayan has to say
"['one', 'anti', 'ageing', 'jellyfish', 'jaldi', 'please']",one anti ageing jellyfish jaldi please
"['saif', 'ali', 'khan', 'hrithik', 'roshan', 'starrer', 'vikram', 'vedhas', 'trailer', 'released']",saif ali khan hrithik roshan starrer vikram vedhas trailer released
"['wired', 'to', 'the', 'future']",wired to the future
"['devise', 'policy', 'to', 'accommodate', 'transgenders', 'seeking', 'jobs', 'sc']",devise policy to accommodate transgenders seeking jobs sc
"['a', 'thought', 'flowers']",a thought flowers
"['indian', 'chinese', 'troops', 'begin', 'disengagement', 'process', 'from', 'gogra', 'hotsprings', 'pp', '15', 'area', 'in', 'eastern', 'ladakh']",indian chinese troops begin disengagement process from gogra hotsprings pp 15 area in eastern ladakh
"['india', 'us', 'to', 'launch', 'emerging', 'defence', 'capabilities', 'dialogue', 'soon']",india us to launch emerging defence capabilities dialogue soon
"['good', 'omens', 'season', '2', 'everything', 'you', 'may', 'want', 'to', 'know']",good omens season 2 everything you may want to know
"['alice', 'in', 'borderland', 'season', '2', 'see', 'when', 'where', 'to', 'watch']",alice in borderland season 2 see when where to watch
"['there', 'is', 'janta', 'raj', 'not', 'jungle', 'raj', 'in', 'bihar', 'nitish', 'kumar']",there is janta raj not jungle raj in bihar nitish kumar
"['netflixs', 'september', '2022', 'list', 'see', 'top', 'five', 'releases', 'you', 'cannot', 'miss']",netflixs september 2022 list see top five releases you cannot miss
"['apples', 'iphone', '14', 'series', 'launched', 'iphone', '12', 'iphone', '13', 'get', 'a', 'big', 'price', 'cut', 'see', 'details']",apples iphone 14 series launched iphone 12 iphone 13 get a big price cut see details
"['dcw', 'issues', 'summons', 'to', 'delhi', 'police', 'over', 'video', 'showing', 'children', 'selling', 'liquor']",dcw issues summons to delhi police over video showing children selling liquor
"['edtech', 'startup', 'lido', 'learning', 'files', 'for', 'bankruptcy', 'as', 'acquisition', 'talks', 'fall', 'through']",edtech startup lido learning files for bankruptcy as acquisition talks fall through
"['cyrus', 'mistry', 'death', 'road', 'audit', 'to', 'be', 'carried', 'out', 'in', 'palghar', 'joint', 'visit', 'of', 'highway', 'officials', 'cops', 'planned', 'on', 'sep', '14']",cyrus mistry death road audit to be carried out in palghar joint visit of highway officials cops planned on sep 14
"['disney', 'hotstar', 'to', 'come', 'up', 'with', 'indian', 'adaptation', 'of', 'american', 'tv', 'series', 'the', 'good', 'wife', 'see', 'who', 'stars', 'in', 'it']",disney hotstar to come up with indian adaptation of american tv series the good wife see who stars in it
"['uk', 'pm', 'liz', 'truss', 'unveils', '2', 'year', 'plan', 'to', 'limit', 'soaring', 'energy', 'bills']",uk pm liz truss unveils 2 year plan to limit soaring energy bills
"['lenders', 'review', 'resolution', 'process', 'of', 'reliance', 'capital']",lenders review resolution process of reliance capital
"['uber', 'partners', 'with', 'nuro', 'in', 'push', 'for', 'autonomous', 'food', 'grocery', 'delivery']",uber partners with nuro in push for autonomous food grocery delivery
"['google', 'slammed', 'for', 'allowing', 'only', 'fantasy', 'sports', 'rummy', 'apps', 'on', 'play', 'store', 'in', 'india']",google slammed for allowing only fantasy sports rummy apps on play store in india
"['102', 'yr', 'old', 'haryana', 'man', 'dead', 'in', 'govt', 'records', 'visits', 'officials', 'in', 'person']",102 yr old haryana man dead in govt records visits officials in person
"['wsb', 'real', 'estate', 'partners', 'blacksoils', 'residential', 'debt', 'fund', 'raises', 'over', 'rs', '500', 'crore']",wsb real estate partners blacksoils residential debt fund raises over rs 500 crore
"['reliance', 'power', 'to', 'offload', '15', 'stake', 'to', 'vfsi', 'holdings', 'for', '933', 'crore']",reliance power to offload 15 stake to vfsi holdings for 933 crore
"['delhi', 'excise', 'policy', 'case', 'bjp', 'mlas', 'write', 'to', 'cbi', 'urge', 'agency', 'to', 'take', 'cognisance', 'of', 'sting', 'operation']",delhi excise policy case bjp mlas write to cbi urge agency to take cognisance of sting operation
"['tanla', 'platforms', 'board', 'approves', 'rs', '170', 'crore', 'share', 'buyback', 'stock', 'ends', 'higher', 'by', '5']",tanla platforms board approves rs 170 crore share buyback stock ends higher by 5
"['internet', 'technology', 'cannot', 'replace', 'books', 'says', 'pm', 'modi', 'calls', 'for', 'inculcating', 'reading', 'habit']",internet technology cannot replace books says pm modi calls for inculcating reading habit
"['panchayat', 'polls', 'mamata', 'banerjee', 'urges', 'party', 'workers', 'to', 'triple', 'its', 'efforts', 'in', 'birbhum', 'district']",panchayat polls mamata banerjee urges party workers to triple its efforts in birbhum district
"['uk', 'police', 'issue', 'appeal', 'after', 'india', 'pakistan', 'cricket', 'match', 'related', 'unrest']",uk police issue appeal after india pakistan cricket match related unrest
"['coinbase', 'backs', 'lawsuit', 'against', 'us', 'treasury', 'over', 'tornado', 'cash', 'sanctions']",coinbase backs lawsuit against us treasury over tornado cash sanctions
"['iphone', 'sales', 'likely', 'to', 'be', 'around', '7', 'million', 'in', '2022', 'techarc']",iphone sales likely to be around 7 million in 2022 techarc
"['amazon', 'great', 'indian', 'festival', '2022', 'discover', 'the', 'deals', 'discounts']",amazon great indian festival 2022 discover the deals discounts
"['wingify', 'rolls', 'out', 'policy', 'to', 'allow', 'employees', 'freedom', 'to', 'choose', 'their', 'work', 'environment']",wingify rolls out policy to allow employees freedom to choose their work environment
"['ricky', 'martin', 'sues', 'nephew', 'alleges', 'he', 'made', 'him', 'lose', 'millions', 'check', 'out', 'the', 'details']",ricky martin sues nephew alleges he made him lose millions check out the details
"['corruption', 'by', 'public', 'servant', 'is', 'offence', 'against', 'state', 'sc']",corruption by public servant is offence against state sc
"['manifest', 'season', '4', 'all', 'set', 'to', 'make', 'a', 'comeback', 'with', 'a', 'bang', 'see', 'details']",manifest season 4 all set to make a comeback with a bang see details
"['white', 'house', 'holding', 'a', 'roundtable', 'on', 'big', 'tech', 'concerns']",white house holding a roundtable on big tech concerns
"['carnival', 'row', 'season', '2', 'may', 'bring', 'an', 'end', 'to', 'the', 'show', 'read', 'the', 'details']",carnival row season 2 may bring an end to the show read the details
"['three', 'jet', 'airways', 'executives', 'quit', 'as', 'airline', 'awaits', 'relaunch']",three jet airways executives quit as airline awaits relaunch
"['pm', 'modi', 'lauds', 'physiotherapists', 'says', 'they', 'play', 'key', 'role', 'in', 'ensuring', 'peoples', 'wellbeing']",pm modi lauds physiotherapists says they play key role in ensuring peoples wellbeing
"['india', 'decides', 'to', 'step', 'up', 'defence', 'ties', 'with', 'japan', 'as', 'it', 'seeks', 'to', 'enhance', 'military', 'capacity']",india decides to step up defence ties with japan as it seeks to enhance military capacity
"['pm', 'narendra', 'modi', 'doing', 'a', 'terrific', 'job', 'says', 'former', 'us', 'president', 'donald', 'trump']",pm narendra modi doing a terrific job says former us president donald trump
"['best', 'electric', 'heating', 'pads', 'in', 'india']",best electric heating pads in india
"['government', 'to', 'acquire', 'vodafone', 'idea', 'stake', 'after', 'share', 'price', 'stabilises', 'at', 'rs', '10', 'or', 'more']",government to acquire vodafone idea stake after share price stabilises at rs 10 or more
"['blindly', 'adopting', 'tech', 'without', 'understanding', 'its', 'biases', 'can', 'be', 'counter', 'productive', 'rbi', 'ed']",blindly adopting tech without understanding its biases can be counter productive rbi ed
"['nihang', 'sikhs', 'hack', 'man', 'to', 'death', 'near', 'golden', 'temple', 'in', 'amritsar']",nihang sikhs hack man to death near golden temple in amritsar
"['wage', 'growth', 'squeeze', 'emerging', 'as', 'bigger', 'worry', 'in', 'india', 'india', 'ratings']",wage growth squeeze emerging as bigger worry in india india ratings
"['aar', 'ya', 'paar', 'disney', 'hotstar', 'announces', 'upcoming', 'movie', 'check', 'out', 'details']",aar ya paar disney hotstar announces upcoming movie check out details
"['twitter', 'replaces', 'share', 'button', 'for', 'android', 'users', 'with', 'whatsapp', 'share', 'icon']",twitter replaces share button for android users with whatsapp share icon
"['netflix', 'to', 'release', 'love', 'is', 'blinds', 'season', '3', 'soon', 'heres', 'the', 'details']",netflix to release love is blinds season 3 soon heres the details
"['delhi', 'govt', 'begins', 'preparations', 'for', 'spraying', 'bio', 'decomposer', 'in', 'farms', 'to', 'prevent', 'stubble', 'burning']",delhi govt begins preparations for spraying bio decomposer in farms to prevent stubble burning
"['grand', 'statue', 'of', 'netaji', 'subhas', 'chandra', 'bose', 'the', 'origin', 'story']",grand statue of netaji subhas chandra bose the origin story
"['meity', 'pulls', 'down', 'draft', 'data', 'anonymisation', 'guidelines']",meity pulls down draft data anonymisation guidelines
"['pm', 'narendra', 'modi', 'inaugurates', 'kartavya', 'path']",pm narendra modi inaugurates kartavya path
"['ecb', 'raises', 'rates', 'by', '75', 'basis', 'points', 'to', 'tackle', 'soaring', 'inflation']",ecb raises rates by 75 basis points to tackle soaring inflation
"['after', 'long', 'gap', 'heavy', 'rains', 'return', 'to', 'mumbai', 'road', 'rail', 'traffic', 'hit', 'low', 'lying', 'spots', 'flooded']",after long gap heavy rains return to mumbai road rail traffic hit low lying spots flooded
"['ahead', 'of', 'market', '10', 'things', 'that', 'will', 'decide', 'd', 'st', 'action', 'on', 'friday']",ahead of market 10 things that will decide d st action on friday
"['meghalaya', 'gives', '10', 'acres', 'to', 'crpf', 'for', 'a', 'permanent', 'base']",meghalaya gives 10 acres to crpf for a permanent base
"['ibps', 'rrb', 'clerk', 'prelims', 'result', '2022', 'declared', 'here', 'is', 'where', 'to', 'check']",ibps rrb clerk prelims result 2022 declared here is where to check
"['assam', 'opposition', 'parties', 'question', 'madrassa', 'demolition']",assam opposition parties question madrassa demolition
"['nclat', 'sets', 'aside', 'insolvency', 'proceedings', 'against', 'mack', 'star']",nclat sets aside insolvency proceedings against mack star
"['not', 'delivering', 'new', 'car', 'despite', 'full', 'payment', 'unfair', 'trade', 'practice', 'sc']",not delivering new car despite full payment unfair trade practice sc
"['airpods', 'pro', 'gen', '2', 'launched', 'priced', 'at', 'rs', '26900', 'apple', 'earbuds', 'offer', 'personalised', 'spatial', 'audio', '2x', 'more', 'noise', 'cancellation']",airpods pro gen 2 launched priced at rs 26900 apple earbuds offer personalised spatial audio 2x more noise cancellation
"['korean', 'filmmakers', 'look', 'to', 'remake', 'ss', 'rajamoulis', 'rrr', 'seek', 'rights', 'check', 'out', 'details']",korean filmmakers look to remake ss rajamoulis rrr seek rights check out details
"['iphone', '14', 'pro', 'with', 'a16', 'bionic', 'chip', '48mp', 'camera', 'launched', 'price', 'starts', 'at', 'rs', '1', '3l', 'iphone', '14', 'starts', 'at', 'rs', '80k', 'check', 'out', 'details']",iphone 14 pro with a16 bionic chip 48mp camera launched price starts at rs 1 3l iphone 14 starts at rs 80k check out details
"['symbol', 'of', 'colonialism', 'kingsway', 'has', 'been', 'erased', 'from', 'history', 'forever', 'pm', 'narendra', 'modi']",symbol of colonialism kingsway has been erased from history forever pm narendra modi
"['jack', 'ryan', 'season', '3', 'everything', 'you', 'may', 'want', 'to', 'know', 'about', 'television', 'series']",jack ryan season 3 everything you may want to know about television series
"['construction', 'supply', 'platform', 'zippmat', 'raises', '10', 'million', 'in', 'funding', 'led', 'by', 'matrix', 'partners', 'india']",construction supply platform zippmat raises 10 million in funding led by matrix partners india
"['bling', 'empires', 'season', '3', 'to', 'return', 'on', 'netflix', 'in', 'october', 'see', 'whats', 'special']",bling empires season 3 to return on netflix in october see whats special
"['sc', 'to', 'hear', 'on', 'sep', '12', 'pleas', 'challenging', 'constitutional', 'validity', 'of', 'citizenship', 'amendment', 'act']",sc to hear on sep 12 pleas challenging constitutional validity of citizenship amendment act
"['india', 'imposes', '20', 'export', 'duty', 'on', 'rice']",india imposes 20 export duty on rice
"['india', 'witnessed', 'record', '1', '64', 'lakh', 'suicides', 'in', '2021', 'career', 'related', 'suicides', 'on', 'the', 'rise']",india witnessed record 1 64 lakh suicides in 2021 career related suicides on the rise
"['air', 'india', 'announces', 'direct', 'flights', 'to', 'doha', 'from', 'mumbai', 'hyderabad', 'chennai']",air india announces direct flights to doha from mumbai hyderabad chennai
"['kolkatans', 'elated', 'at', 'installation', 'of', 'netajis', 'india', 'gate', 'statue', 'but', 'want', 'his', 'ideals', 'followed']",kolkatans elated at installation of netajis india gate statue but want his ideals followed
"['can', 'psychedelic', 'drugs', 'trigger', 'life', 'altering', 'experiences', 'new', 'study', 'throws', 'light', 'on', 'transformational', 'effects']",can psychedelic drugs trigger life altering experiences new study throws light on transformational effects
"['digital', 'fast', 'jains', 'in', 'mp', 'stay', 'off', 'internet', 'for', '24', 'hours', 'as', 'part', 'of', 'ritual']",digital fast jains in mp stay off internet for 24 hours as part of ritual
"['flipkart', 'to', 'charge', 'sellers', 'a', 'fee', 'for', 'not', 'participating', 'in', 'big', 'billion', 'days', 'sale']",flipkart to charge sellers a fee for not participating in big billion days sale
"['bjp', 'using', 'issue', 'of', 'yakub', 'memons', 'grave', 'to', 'further', 'its', 'political', 'interests', 'alleges', 'cong']",bjp using issue of yakub memons grave to further its political interests alleges cong
"['no', 'place', 'for', 'hooliganism', 'in', 'cricket', 'says', 'pcb', 'chief', 'ramiz', 'raja']",no place for hooliganism in cricket says pcb chief ramiz raja
"['flipkarts', 'big', 'billion', 'days', 'sale', 'back', 'with', 'a', 'bang', 'see', 'details']",flipkarts big billion days sale back with a bang see details
"['pm', 'modi', 'unveils', '28', 'ft', 'tall', 'netaji', 'statue', 'at', 'india', 'gate']",pm modi unveils 28 ft tall netaji statue at india gate
"['schneider', 'electric', 'hits', '52', 'week', 'high', 'as', 'board', 'approves', 'rs', '138', 'cr', 'expansion', 'project']",schneider electric hits 52 week high as board approves rs 138 cr expansion project
"['shadow', 'and', 'bone', 'season', '2', 'fans', 'eagerly', 'wait', 'for', 'any', 'news', 'on', 'its', 'release', 'on', 'netflix']",shadow and bone season 2 fans eagerly wait for any news on its release on netflix
"['google', 'to', 'allow', 'fantasy', 'gaming', 'apps', 'in', 'india', 'pilot', 'strike', 'hits', 'dunzo', 'daily', 'ops', 'in', 'bengaluru']",google to allow fantasy gaming apps in india pilot strike hits dunzo daily ops in bengaluru
"['the', 'winters', 'in', 'europe', 'could', 'chill', 'indias', 'economy']",the winters in europe could chill indias economy
"['reliance', 'backed', 'dunzo', 'dailys', 'bengaluru', 'operations', 'hit', 'as', 'delivery', 'staff', 'protest']",reliance backed dunzo dailys bengaluru operations hit as delivery staff protest
"['niranjan', 'hiranandani', 'anoop', 'kumar', 'mittal', 'resign', 'from', 'unitech', 'board']",niranjan hiranandani anoop kumar mittal resign from unitech board
"['karnataka', 'hijab', 'ban', 'not', 'very', 'fair', 'to', 'compare', 'with', 'practices', 'in', 'sikhism', 'says', 'sc']",karnataka hijab ban not very fair to compare with practices in sikhism says sc
"['steel', 'makers', 'margins', 'to', 'nearly', 'double', 'in', 'h2', 'to', '25', 'pc', 'from', 'h1', 'levels', 'report']",steel makers margins to nearly double in h2 to 25 pc from h1 levels report
"['cases', 'of', 'cancer', 'in', 'adults', 'under', '50', 'on', 'the', 'rise', 'globally', 'a', 'look', 'at', 'causes', 'possible', 'risk', 'factors']",cases of cancer in adults under 50 on the rise globally a look at causes possible risk factors
"['norways', 'princess', 'martha', 'louise', 'opens', 'new', 'guide', 'dog', 'facility', 'to', 'help', 'differently', 'abled', 'check', 'out', 'the', 'details']",norways princess martha louise opens new guide dog facility to help differently abled check out the details
"['nifty', 'bank', 'key', 'levels', 'to', 'watch', 'out', 'for', 'on', 'friday']",nifty bank key levels to watch out for on friday
"['jailed', 'sena', 'mp', 'sanjay', 'raut', 'seeks', 'bail', 'says', 'ed', 'case', 'against', 'him', 'is', 'example', 'of', 'political', 'vendetta']",jailed sena mp sanjay raut seeks bail says ed case against him is example of political vendetta
"['respond', 'to', 'doctors', 'plea', 'in', 'case', 'concerning', 'use', 'of', 'coronil', 'delhi', 'hc', 'tells', 'ramdev']",respond to doctors plea in case concerning use of coronil delhi hc tells ramdev
"['realme', 'gt', 'neo', '3t', 'check', 'out', 'release', 'date', 'specifications']",realme gt neo 3t check out release date specifications
"['private', 'security', 'guards', 'to', 'be', 'deployed', 'to', 'prevent', 'theft', 'damage', 'to', 'facilities', 'around', 'kartavya', 'path']",private security guards to be deployed to prevent theft damage to facilities around kartavya path
"['delhi', 'metro', 'to', 'provide', 'bus', 'services', 'to', 'central', 'vista', 'visitors', 'from', 'tomorrow']",delhi metro to provide bus services to central vista visitors from tomorrow
"['pms', 'asset', 'base', 'rises', '17', 'pc', 'to', 'rs', '25', '4', 'lakh', 'crore', 'in', 'july']",pms asset base rises 17 pc to rs 25 4 lakh crore in july
"['iphone', '14', 'series', 'launch', 'best', 'ever', 'launch', 'quarter', 'for', 'apple', 'in', 'post', 'pandemic', 'india', 'predict', 'analysts']",iphone 14 series launch best ever launch quarter for apple in post pandemic india predict analysts
"['opposition', 'will', 'unite', 'to', 'oust', 'bjp', 'from', 'power', 'in', '2024', 'mamata', 'banerjee']",opposition will unite to oust bjp from power in 2024 mamata banerjee
"['prince', 'harry', 'meghan', 'markle', 'to', 'attend', 'wellchild', 'awards', 'in', 'london']",prince harry meghan markle to attend wellchild awards in london
"['life', 'without', 'plastics', 'its', 'possible', 'with', 'these', 'sustainable', 'innovations']",life without plastics its possible with these sustainable innovations
"['sushil', 'modi', 'demands', 'removal', 'of', 'rjds', 'ramanand', 'yadav', 'from', 'nitish', 'cabinet']",sushil modi demands removal of rjds ramanand yadav from nitish cabinet
"['actor', 'aryas', 'kollywood', 'action', 'drama', 'film', 'captain', 'hits', 'theatres', 'read', 'details']",actor aryas kollywood action drama film captain hits theatres read details
"['nifty', 'recovers', 'after', '5', 'days', 'of', 'consolidation', 'what', 'investors', 'should', 'do', 'on', 'friday']",nifty recovers after 5 days of consolidation what investors should do on friday
"['mira', 'rajput', 'celebrates', '28th', 'birthday', 'with', 'husband', 'shahid', 'kapoor', 'in', 'style', 'check', 'out', 'what', 'happened']",mira rajput celebrates 28th birthday with husband shahid kapoor in style check out what happened
"['unplanned', 'leaves', 'employee', 'stress', 'attrition', 'cost', 'india', 'inc', '14', 'billion', 'deloitte']",unplanned leaves employee stress attrition cost india inc 14 billion deloitte
"['queen', 'elizabeth', 'ii', 'under', 'medical', 'supervision', 'prince', 'charles', 'camilla', 'by', 'her', 'side', 'at', 'balmoral']",queen elizabeth ii under medical supervision prince charles camilla by her side at balmoral
"['destination', 'aiims', 'for', 'neet', 'ug', 'toppers', '1st', 'rank', 'holder', 'says', 'best', 'teachers', 'day', 'gift', 'for', 'her', 'parents']",destination aiims for neet ug toppers 1st rank holder says best teachers day gift for her parents
"['armys', 'best', 'friend', 'on', 'the', 'loc', 'in', 'kashmir', 'gaddi', 'dogs']",armys best friend on the loc in kashmir gaddi dogs
"['mcap', 'of', 'bse', 'listed', 'firms', 'at', 'all', 'time', 'high', 'of', 'rs', '282', '66', 'lakh', 'cr']",mcap of bse listed firms at all time high of rs 282 66 lakh cr
"['toll', 'free', 'number', 'app', 'to', 'address', 'mental', 'health', 'issues', 'of', 'railway', 'employees', 'to', 'be', 'launched', 'soon']",toll free number app to address mental health issues of railway employees to be launched soon
"['find', 'out', 'how', 'to', 'become', 'eligible', 'and', 'apply', 'for', 'a', 'japan', 'work', 'visa']",find out how to become eligible and apply for a japan work visa
"['crackdown', 'begins', 'on', 'indian', 'entities', 'supplying', 'fake', 'directors', 'to', 'chinese', 'shell', 'companies']",crackdown begins on indian entities supplying fake directors to chinese shell companies
"['yami', 'gautam', 'starrer', 'lost', 'to', 'be', 'the', 'opening', 'movie', 'at', 'chicago', 'south', 'asian', 'film', 'festival']",yami gautam starrer lost to be the opening movie at chicago south asian film festival
"['legendary', 'china', 'bets', 'unwind', 'as', 'warren', 'buffett', 'softbank', 'naspers', 'sell']",legendary china bets unwind as warren buffett softbank naspers sell
"['video', 'dancer', 'collapses', 'during', 'performance', 'in', 'jammu', 'dies']",video dancer collapses during performance in jammu dies
"['suzuki', 'motorcycle', 'india', 'reports', '8', '3', 'pc', 'rise', 'in', 'aug', 'sales']",suzuki motorcycle india reports 8 3 pc rise in aug sales
"['adanis', 'building', 'a', 'growth', 'story', 'build', 'a', 'portfolio', 'of', '5', '6', 'stocks', 'rather', 'than', 'a', 'single', 'stock', 'ajay', 'srivastava']",adanis building a growth story build a portfolio of 5 6 stocks rather than a single stock ajay srivastava
"['nasas', 'james', 'webb', 'space', 'telescope', 'captures', 'stunning', 'einstein', 'ring', 'check', 'what', 'is', 'it']",nasas james webb space telescope captures stunning einstein ring check what is it
"['shah', 'nadda', 'sonowal', 'rijiju', 'pay', 'tributes', 'to', 'bhupen', 'hazarika', 'on', 'singers', 'birth', 'anniversary']",shah nadda sonowal rijiju pay tributes to bhupen hazarika on singers birth anniversary
"['tatas', 'zoya', 'finds', 'its', 'muse', 'in', 'sugar', 'co', 'founder', 'vineeta', 'singh']",tatas zoya finds its muse in sugar co founder vineeta singh
"['ajay', 'devgn', 'to', 'play', 'chitragupt', 'in', 'his', 'diwali', 'release', 'thank', 'god', 'first', 'look', 'out']",ajay devgn to play chitragupt in his diwali release thank god first look out
"['steve', 'jobs', 'daughter', 'takes', 'a', 'dig', 'at', 'iphone', '14', 'kidney', 'memes', 'flood', 'twitter', 'hours', 'after', 'apples', 'official', 'launch']",steve jobs daughter takes a dig at iphone 14 kidney memes flood twitter hours after apples official launch
"['tvs', 'motors', 'upgraded', 'apache', 'range', 'is', 'here']",tvs motors upgraded apache range is here
"['best', 'electric', 'heating', 'pads', 'under', 'rs', '1000', 'for', 'backache', 'relief']",best electric heating pads under rs 1000 for backache relief
"['tata', 'power', 'renewable', 'energy', 'to', 'set', 'up', '100', 'mw', 'solar', 'project', 'for', 'viraj', 'profile', 'in', 'maharashtra']",tata power renewable energy to set up 100 mw solar project for viraj profile in maharashtra
"['govt', 'taking', 'action', 'against', 'those', 'who', 'damaged', 'mau', 'like', 'termites', 'up', 'cm', 'adityanath']",govt taking action against those who damaged mau like termites up cm adityanath
"['from', 'kingsway', 'to', 'kartavya', 'path', 'the', 'journey', 'of', 'majestic', 'rajpath']",from kingsway to kartavya path the journey of majestic rajpath
"['tech', 'view', 'a', 'follow', 'up', 'buying', 'may', 'ensure', 'nifty50', 'bulls', 'are', 'back']",tech view a follow up buying may ensure nifty50 bulls are back
"['congress', 'will', 'emerge', 'in', 'aggressive', 'avatar', 'with', 'bharat', 'jodo', 'yatra', 'will', 'not', 'be', 'taken', 'for', 'granted', 'says', 'jairam', 'ramesh']",congress will emerge in aggressive avatar with bharat jodo yatra will not be taken for granted says jairam ramesh
"['prime', 'minister', 'narendra', 'modi', 'to', 'inaugurate', 'kartavya', 'path', 'today', 'unveil', 'netaji', 'statue']",prime minister narendra modi to inaugurate kartavya path today unveil netaji statue
"['rupee', 'an', 'outlier', 'in', 'asia', 'but', 'for', 'how', 'long', '82', 'level', 'soon', 'say', 'this', 'broker']",rupee an outlier in asia but for how long 82 level soon say this broker
"['domestic', 'growth', 'opportunities', 'attracting', 'foreign', 'investors', 'to', 'india', 'jonathan', 'schiessl']",domestic growth opportunities attracting foreign investors to india jonathan schiessl
"['railways', 'not', 'to', 'disturb', 'water', 'bodies', 'while', 'laying', 'track', 'minister', 'nakap', 'nalo']",railways not to disturb water bodies while laying track minister nakap nalo
"['wait', 'for', 'ios', '16', 'finally', 'ends', 'this', 'is', 'when', 'the', 'new', 'update', 'will', 'arrive', 'on', 'iphones']",wait for ios 16 finally ends this is when the new update will arrive on iphones
"['midcap', 'stocks', 'with', 'high', 'upside', 'potential', 'stock', 'reports', 'plus']",midcap stocks with high upside potential stock reports plus
"['poor', 'mental', 'health', 'of', 'employees', 'costs', 'indian', 'employers', '14', 'billion', 'yearly', 'deloitte', 'survey']",poor mental health of employees costs indian employers 14 billion yearly deloitte survey
"['kartavya', 'path', 'to', 'be', 'pedestrian', 'friendly', 'four', 'new', 'underpasses', 'built', 'for', 'pedestrian', 'movement']",kartavya path to be pedestrian friendly four new underpasses built for pedestrian movement
"['wonder', 'what', 'good', 'leaders', 'are', 'made', 'of', 'cred', 'founder', 'has', 'the', 'answer']",wonder what good leaders are made of cred founder has the answer
"['online', 'festival', 'sales', 'likely', 'to', 'be', '28', 'higher', 'than', 'pre', 'covid', 'levels', 'at', '11', '8', 'billion', 'report']",online festival sales likely to be 28 higher than pre covid levels at 11 8 billion report
"['heres', 'why', 'boycott', 'ipl', 'is', 'trending', 'on', 'twitter', 'with', 'india', 'on', 'verge', 'of', 'asia', 'cup', 'exit']",heres why boycott ipl is trending on twitter with india on verge of asia cup exit
"['a', 'canadian', 'passport', 'can', 'be', 'beneficial', 'find', 'out', 'how']",a canadian passport can be beneficial find out how
"['gold', 'gains', 'rs', '251', 'silver', 'rallies', 'rs', '862']",gold gains rs 251 silver rallies rs 862
"['india', 'auto', 'industry', 'left', 'waiting', 'to', 'take', 'the', 'highway', 'with', 'dismal', 'august', 'sales']",india auto industry left waiting to take the highway with dismal august sales
"['piyush', 'goyal', 'to', 'attend', 'indo', 'pacific', 'economic', 'forum', 'ministerial', 'meet', 'in', 'los', 'angeles', 'tomorrow']",piyush goyal to attend indo pacific economic forum ministerial meet in los angeles tomorrow
"['world', 'physiotherapy', 'day', '2022', 'theme', 'significance', 'legacy', 'of', 'the', 'day']",world physiotherapy day 2022 theme significance legacy of the day
"['julia', 'roberts', 'dress', 'at', 'ticket', 'to', 'paradise', 'london', 'event', 'steals', 'the', 'show', 'with', 'cryptic', 'messages']",julia roberts dress at ticket to paradise london event steals the show with cryptic messages
"['from', 'advanis', 'rath', 'yatra', 'to', 'jagan', 'reddys', 'praja', 'sankalpa', 'yatra', 'path', 'politicians', 'took', 'to', 'peoples', 'hearts']",from advanis rath yatra to jagan reddys praja sankalpa yatra path politicians took to peoples hearts
"['arizona', 'governor', 'elections', 'katie', 'hobbs', 'kari', 'lake', 'make', 'big', 'promises', 'about', 'taxes']",arizona governor elections katie hobbs kari lake make big promises about taxes
"['delhi', 'to', 'become', 'city', 'of', 'lakes', 'will', 'act', 'as', 'tourist', 'spots', 'says', 'cm', 'arvind', 'kejriwal']",delhi to become city of lakes will act as tourist spots says cm arvind kejriwal
"['army', 'deploys', 'ultra', 'light', 'm', '777', 'howitzers', 'in', 'forward', 'locations', 'along', 'lac', 'in', 'arunachal', 'pradesh']",army deploys ultra light m 777 howitzers in forward locations along lac in arunachal pradesh
"['queen', 'elizabeth', 'iis', 'garden', 'house', 'is', 'available', 'for', 'rent', 'on', 'airbnb', 'whats', 'inside', 'the', 'house', 'on', 'sandringham', 'estate']",queen elizabeth iis garden house is available for rent on airbnb whats inside the house on sandringham estate
"['ondc', 'to', 'be', 'opened', 'to', 'public', 'in', 'one', 'or', 'two', 'cities', 'this', 'month', 'goyal']",ondc to be opened to public in one or two cities this month goyal
"['curiousjr', 'introduces', 'a', 'new', 'version', 'of', 'their', 'app', 'curiousjr', 'pro']",curiousjr introduces a new version of their app curiousjr pro
"['govt', 'highlights', 'steps', 'taken', 'in', '8', 'years', 'to', 'free', 'country', 'of', 'colonial', 'mindset']",govt highlights steps taken in 8 years to free country of colonial mindset
"['iphone', '14', 'analysts', 'predict', 'best', 'ever', 'launch', 'quarter', 'likely', 'for', 'apple', 'in', 'post', 'pandemic', 'india']",iphone 14 analysts predict best ever launch quarter likely for apple in post pandemic india
"['white', 'paper', 'on', 'renewable', 'energy', 'to', 'be', 'unveiled', 'at', 'rei', 'expo', '2022']",white paper on renewable energy to be unveiled at rei expo 2022
"['us', 'issues', 'record', '82000', 'student', 'visas', 'in', 'india']",us issues record 82000 student visas in india
"['cyrus', 'mistry', 'a', 'private', 'person', 'who', 'wasnt', 'afraid', 'of', 'a', 'public', 'tussle', 'for', 'what', 'he', 'believed', 'in']",cyrus mistry a private person who wasnt afraid of a public tussle for what he believed in
"['premium', 'tears', 'apples', 'iphone', '14', 'ditches', 'physical', 'sim', 'slot', 'in', 'us']",premium tears apples iphone 14 ditches physical sim slot in us
"['bengalurus', 'richest', 'villa', 'epsilon', 'flooded', 'billionaire', 'gaurav', 'munjal', 'rescued', 'in', 'boats']",bengalurus richest villa epsilon flooded billionaire gaurav munjal rescued in boats
"['kartavya', 'path', 'inauguration', 'delhi', 'traffic', 'police', 'issues', 'advisory', 'avoid', 'these', 'roads', 'today']",kartavya path inauguration delhi traffic police issues advisory avoid these roads today
"['richa', 'chadha', 'ali', 'fazal', 'all', 'set', 'to', 'get', 'married', 'date', 'venue', 'key', 'details']",richa chadha ali fazal all set to get married date venue key details
"['crypto', 'exchanges', 'should', 'be', 'monitored', 'by', 'a', 'sebi', 'like', 'body', 'partly', 'by', 'rbi', 'shivam', 'thakral', 'buyucoin']",crypto exchanges should be monitored by a sebi like body partly by rbi shivam thakral buyucoin
"['rs', '3', 'lakh', 'cr', 'added', 'to', 'investor', 'wealth', 'key', 'factors', 'behind', 'market', 'rally']",rs 3 lakh cr added to investor wealth key factors behind market rally
"['steve', 'jobs', 'daughter', 'takes', 'a', 'dig', 'a', 'iphone', '14', 'suggests', 'its', 'the', 'same', 'as', 'the', '13']",steve jobs daughter takes a dig a iphone 14 suggests its the same as the 13
"['investors', 'likely', 'to', 'get', 'disappointed', 'on', 'it', 'margins', 'in', 'fy23', 'and', 'growth', 'for', 'fy24', 'says', 'nomura', 'analyst']",investors likely to get disappointed on it margins in fy23 and growth for fy24 says nomura analyst
"['grey', 'market', 'premium', 'for', 'tmb', 'spurts', 'suddenly', 'can', 'it', 'surprise', 'on', 'listing', 'despite', 'muted', 'response', 'to', 'ipo']",grey market premium for tmb spurts suddenly can it surprise on listing despite muted response to ipo
"['akshayakalpa', 'organic', 'to', 'raise', '15', 'million', 'in', 'series', 'b', 'funding', 'round']",akshayakalpa organic to raise 15 million in series b funding round
"['crisis', 'hit', 'sri', 'lanka', 'appoints', '37', 'junior', 'ministers', 'including', 'nephew', 'of', 'ousted', 'president', 'gotabaya', 'rajapaksa']",crisis hit sri lanka appoints 37 junior ministers including nephew of ousted president gotabaya rajapaksa
"['us', 'open', '2022', 'fiery', 'nick', 'kyrgios', 'fined', 'again', 'heres', 'why']",us open 2022 fiery nick kyrgios fined again heres why
"['no', 'decision', 'yet', 'on', 'merger', 'of', 'neet', 'jee', 'with', 'cuet', 'says', 'ugc', 'chief', 'jagadesh', 'kumar']",no decision yet on merger of neet jee with cuet says ugc chief jagadesh kumar
"['accountant', 'steals', 'rs', '15', 'crore', 'from', 'office', 'account', 'loses', 'it', 'all', 'to', 'gambling']",accountant steals rs 15 crore from office account loses it all to gambling
"['mamata', 'pans', 'centre', 'for', 'not', 'inviting', 'her', 'to', 'be', 'part', 'of', 'bangladesh', 'pms', 'india', 'visit']",mamata pans centre for not inviting her to be part of bangladesh pms india visit
"['apple', 'launches', 'watch', 'series', '8', 'at', 'rs', '46k', 'watch', 'ultra', 'at', 'rs', '90k', 'watch', 'se', 'at', 'rs', '30k', 'check', 'out', 'features', 'other', 'details']",apple launches watch series 8 at rs 46k watch ultra at rs 90k watch se at rs 30k check out features other details
"['sign', 'up', 'now', 'evaluating', 'the', 'road', 'to', 'sustainability']",sign up now evaluating the road to sustainability
"['chinese', 'as', 'victims', 'in', 'beijing', 'backed', 'human', 'trafficking', 'hub', 'in', 'myanmar']",chinese as victims in beijing backed human trafficking hub in myanmar
"['bts', 'la', 'concert', 'permission', 'to', 'dance', 'on', 'stage', 'now', 'available', 'on', 'disney']",bts la concert permission to dance on stage now available on disney
"['part', 'time', 'jobs', 'in', 'australia', 'for', 'foreign', 'students']",part time jobs in australia for foreign students
"['do', 'you', 'need', 'an', 'm1', 'visa', 'to', 'travel', 'to', 'the', 'us', 'all', 'about', 'the', 'application', 'process']",do you need an m1 visa to travel to the us all about the application process
"['rajnath', 'stresses', 'on', 'need', 'to', 'expand', 'indo', 'japan', 'partnership', 'in', 'defence', 'equipment', 'tech', 'cooperation']",rajnath stresses on need to expand indo japan partnership in defence equipment tech cooperation
"['4', 'new', 'aadhaar', 'services', 'available', 'on', 'the', 'umang', 'app']",4 new aadhaar services available on the umang app
"['koffee', 'with', 'karan', '7', 'ishaan', 'khatter', 'opens', 'up', 'on', 'break', 'up', 'with', 'ananya', 'panday']",koffee with karan 7 ishaan khatter opens up on break up with ananya panday
"['onam', '2022', 'mammootty', 'mohanlal', 'manju', 'warrier', 'don', 'traditional', 'attire', 'wish', 'fans']",onam 2022 mammootty mohanlal manju warrier don traditional attire wish fans
"['sc', 'fixes', 'on', 'issues', 'for', 'adjudication', 'on', 'pleas', 'challenging', 'centres', '10', 'pc', 'ews', 'quota']",sc fixes on issues for adjudication on pleas challenging centres 10 pc ews quota
"['maha', 'cm', 'asks', 'officials', 'to', 'be', 'ready', 'with', 'relief', 'mechanism', 'after', 'imd', 'predicts', 'rain', 'squalls']",maha cm asks officials to be ready with relief mechanism after imd predicts rain squalls
"['indian', 'pharma', 'to', 'recover', 'from', 'pricing', 'pressures', 'in', 'the', 'second', 'half', 'of', 'fy23']",indian pharma to recover from pricing pressures in the second half of fy23
"['there', 'has', 'been', 'a', 'structural', 'change', 'in', 'the', 'way', 'people', 'are', 'investing', 'sanjay', 'shah']",there has been a structural change in the way people are investing sanjay shah
"['memphis', 'shooting', 'spree', 'teen', 'boy', 'arrested', 'probe', 'on']",memphis shooting spree teen boy arrested probe on
"['what', 'characteristics', 'of', 'men', 'appeal', 'to', 'women']",what characteristics of men appeal to women
"['big', 'data', 'paper']",big data paper
"['broking', 'industrys', 'performance', 'slows', 'down', 'as', 'geopolitical', 'macro', 'issues', 'bite', 'icra']",broking industrys performance slows down as geopolitical macro issues bite icra
"['consumer', 'sentiments', 'in', 'india', 'dip', 'in', 'august', 'cmie']",consumer sentiments in india dip in august cmie
"['after', 'pakistan', 'and', 'afghanistan', 'cricket', 'fans', 'clash', 'barbs', 'fly', 'online']",after pakistan and afghanistan cricket fans clash barbs fly online
"['sbi', 'fined', 'rs', '85000', 'for', 'misreading', 'kannada', 'numeral', 'on', 'cheque']",sbi fined rs 85000 for misreading kannada numeral on cheque
"['iphone', '14', 'series', 'launched', 'by', 'apple', 'prices', 'of', 'all', 'models', 'key', 'details']",iphone 14 series launched by apple prices of all models key details
"['how', 'to', 'update', 'job', 'leaving', 'date', 'yourself', 'in', 'epfo', 'records', 'online']",how to update job leaving date yourself in epfo records online
"['indigo', 'shares', 'fall', 'over', '4', 'as', 'co', 'founder', 'rakesh', 'gangwal', 'offloads', '2000', 'cr', 'worth', 'stake']",indigo shares fall over 4 as co founder rakesh gangwal offloads 2000 cr worth stake
"['paints', 'stocks', 'rally', 'up', 'to', '5', 'heres', 'what', 'fueling', 'the', 'surge']",paints stocks rally up to 5 heres what fueling the surge
"['will', 'a', 'brahmastra', 'strike', 'turn', 'bollywoods', 'fledgling', 'fortunes', 'around']",will a brahmastra strike turn bollywoods fledgling fortunes around
"['from', 'sbi', 'to', 'icici', 'indian', 'banks', 'are', 'entering', 'an', 'earnings', 'upgrade', 'cycle', 'says', 'morgan', 'stanley']",from sbi to icici indian banks are entering an earnings upgrade cycle says morgan stanley
"['heres', 'why', 'you', 'should', 'now', 'be', 'extra', 'careful', 'when', 'renting', 'out', 'your', 'property']",heres why you should now be extra careful when renting out your property
"['building', 'of', 'highways', 'can', 'create', 'lakes', 'solve', 'water', 'woes', 'says', 'nitin', 'gadkari']",building of highways can create lakes solve water woes says nitin gadkari
"['centre', 'to', 'divert', '50000', 'tonnes', 'of', 'onions', 'to', 'guwahati']",centre to divert 50000 tonnes of onions to guwahati
"['10', 'things', 'to', 'know', 'about', 'the', 'newly', 'modified', 'uae', 'visa', 'process']",10 things to know about the newly modified uae visa process
"['sue', 'birds', 'final', 'match', 'fans', 'pay', 'tribute', 'on', 'social', 'media']",sue birds final match fans pay tribute on social media
"['sbi', 'to', 'offer', '6', '1', 'interest', 'rate', 'on', 'this', 'fd', 'tenure', 'for', '75', 'days']",sbi to offer 6 1 interest rate on this fd tenure for 75 days
"['road', 'ahead', 'for', 'd', 'street', 'what', 'buffett', 'indicator', 'and', 'other', 'valuation', 'metrics', 'are', 'hinting', 'at']",road ahead for d street what buffett indicator and other valuation metrics are hinting at
"['canara', 'bank', 'revises', 'services', 'charges', 'for', 'savings', 'account', 'customers']",canara bank revises services charges for savings account customers
"['asha', 'bhosle', 'turns', '89', 'chirodhini', 'vennila', 'idhi', 'mouna', 'geetham', 'among', 'playback', 'singers', 'regional', 'chartbusters']",asha bhosle turns 89 chirodhini vennila idhi mouna geetham among playback singers regional chartbusters
"['creditsights', 'tones', 'down', 'its', 'comments', 'on', 'adani', 'groups', 'debt', 'position', 'after', 'a', 'meeting', 'with', 'the', 'company']",creditsights tones down its comments on adani groups debt position after a meeting with the company
"['llf', 'policy', 'changes', 'fail', 'to', 'lift', 'concor', 'estimates', 'but', 'stock', 'is', 'still', 'a', 'buy']",llf policy changes fail to lift concor estimates but stock is still a buy
"['after', 'every', 'happy', 'to', 'release', 'on', 'netflix', 'all', 'you', 'need', 'to', 'know']",after every happy to release on netflix all you need to know
"['sonali', 'phogat', 'death', 'goa', 'minister', 'says', 'everything', 'happening', 'in', 'state', 'shouldnt', 'be', 'linked', 'to', 'tourism']",sonali phogat death goa minister says everything happening in state shouldnt be linked to tourism
"['over', '150', 'fmcg', 'brands', 'joined', 'udaan', 'platform', 'in', 'last', 'six', 'months']",over 150 fmcg brands joined udaan platform in last six months
"['thyrocare', 'tech', 'jumps', '10', 'crosses', '100', 'dma', 'first', 'time', 'since', 'nov', '2021']",thyrocare tech jumps 10 crosses 100 dma first time since nov 2021
"['apple', 'launches', 'airpods', 'pro', '2', 'price', 'specifications', 'how', 'to', 'order']",apple launches airpods pro 2 price specifications how to order
"['cuet', 'ug', '2022', 'answer', 'key', 'today', 'heres', 'how', 'to', 'check']",cuet ug 2022 answer key today heres how to check
"['risks', 'rise', 'for', 'dalal', 'street', 'as', 'futures', 'positioning', 'less', 'sanguine']",risks rise for dalal street as futures positioning less sanguine
"['dr', 'reddys', 'launches', 'generic', 'revlimid', 'in', 'us', 'market']",dr reddys launches generic revlimid in us market
"['ice', 'cream', 'pizza', 'receives', 'polarizing', 'reactions', 'on', 'social', 'media']",ice cream pizza receives polarizing reactions on social media
"['bira', '91', 'partners', 'with', 'vahdam', 'india', 'to', 'launch', 'chamomile', 'tea', 'lager']",bira 91 partners with vahdam india to launch chamomile tea lager
"['babar', 'azam', 'is', 'no', 'longer', 'top', 't20i', 'batter', 'in', 'the', 'world', 'see', 'the', 'new', 'star']",babar azam is no longer top t20i batter in the world see the new star
"['from', 'iphone', '14', 'to', 'airpods', 'pro', '2', 'all', 'that', 'was', 'launched', 'at', 'apple', 'event']",from iphone 14 to airpods pro 2 all that was launched at apple event
"['google', 'remembers', 'bhupen', 'hazarika', 'on', 'his', '96th', 'birth', 'anniversary', 'pays', 'tribute', 'to', 'singer', 'with', 'a', 'doodle']",google remembers bhupen hazarika on his 96th birth anniversary pays tribute to singer with a doodle
"['haji', 'ali', 'dargah', 'in', 'mumbai', 'to', 'install', 'worlds', 'tallest', 'flagpole', 'for', 'hoisting', 'national', 'flag']",haji ali dargah in mumbai to install worlds tallest flagpole for hoisting national flag
"['heardle', 'today', 'lets', 'solve', 'music', 'puzzle', 'with', 'hints', 'and', 'answer']",heardle today lets solve music puzzle with hints and answer
"['much', 'loved', 'dog', 'breeds', 'are', 'just', 'as', 'likely', 'to', 'bite', 'as', 'banned', 'ones', 'heres', 'how', 'to', 'stop', 'them']",much loved dog breeds are just as likely to bite as banned ones heres how to stop them
"['why', 'the', 'next', 'tata', 'elxsi', 'will', 'come', 'from', 'new', 'age', 'tech', 'stocks']",why the next tata elxsi will come from new age tech stocks
"['nirmala', 'sitharaman', 'makes', 'the', 'case', 'for', 'inflation', 'management', 'being', 'a', 'centre', 'state', 'responsibility']",nirmala sitharaman makes the case for inflation management being a centre state responsibility
"['rbis', 'digital', 'lending', 'rules', 'designed', 'to', 'protect', 'customers', 'from', 'online', 'frauds', 'dg', 'm', 'rajeshwar', 'rao']",rbis digital lending rules designed to protect customers from online frauds dg m rajeshwar rao
"['india', 'successfully', 'test', 'fires', 'quick', 'reaction', 'surface', 'to', 'air', 'missile', 'system']",india successfully test fires quick reaction surface to air missile system
"['kim', 'kardashian', 'breaks', 'silence', 'about', 'breakup', 'with', 'pete', 'davidson']",kim kardashian breaks silence about breakup with pete davidson
"['india', 'becoming', 'worlds', '5th', 'largest', 'economy', 'not', 'an', 'ordinary', 'feat', 'prime', 'minister', 'narendra', 'modi', 'says']",india becoming worlds 5th largest economy not an ordinary feat prime minister narendra modi says
"['how', 'precision', 'technologies', 'can', 'help', 'farmers', 'increase', 'crop', 'yields']",how precision technologies can help farmers increase crop yields
"['who', 'abducted', 'and', 'killed', 'memphis', 'teacher', 'a', 'billionaire', 'heiress', 'eliza', 'fletcher']",who abducted and killed memphis teacher a billionaire heiress eliza fletcher
"['add', 'dalmia', 'bharat', 'target', 'price', 'rs', '1750', 'icici', 'securities']",add dalmia bharat target price rs 1750 icici securities
"['indias', 'e', 'commerce', 'players', 'likely', 'to', 'see', 'big', 'billion', 'jump', 'in', 'sales', 'this', 'festive', 'season']",indias e commerce players likely to see big billion jump in sales this festive season
"['view', 'what', 'goi', 'could', 'do', 'to', 'make', 'ibc', 'simpler', 'for', 'better', 'enforcement']",view what goi could do to make ibc simpler for better enforcement
"['buy', 'mas', 'financial', 'services', 'target', 'price', 'rs', '840', 'axis', 'securities']",buy mas financial services target price rs 840 axis securities
"['google', 'play', 'pilots', 'programme', 'for', 'day', 'fantasy', 'sports', 'and', 'rummy', 'apps', 'in', 'india']",google play pilots programme for day fantasy sports and rummy apps in india
"['chinas', 'trade', 'falters', 'as', 'demand', 'wanes', 'at', 'home', 'and', 'abroad']",chinas trade falters as demand wanes at home and abroad
"['hot', 'stocks', 'brokerages', 'on', 'syngene', 'home', 'first', 'finance', 'and', 'devyani', 'international']",hot stocks brokerages on syngene home first finance and devyani international
"['dipan', 'mehta', 'on', 'the', 'next', 'multibagger', 'itc', 'demerger', 'indigo', 'stake', 'sale']",dipan mehta on the next multibagger itc demerger indigo stake sale
"['karthi', 'debutante', 'aditi', 'shankar', 'starrer', 'viruman', 'ott', 'release', 'check', 'when', 'and', 'where', 'to', 'watch']",karthi debutante aditi shankar starrer viruman ott release check when and where to watch
"['cuet', 'pg', '2022', 'admit', 'card', 'today', 'for', 'next', 'phase', 'heres', 'where', 'to', 'download']",cuet pg 2022 admit card today for next phase heres where to download
"['hold', 'rites', 'ltd', 'target', 'price', 'rs', '315', '0', 'axis', 'securities']",hold rites ltd target price rs 315 0 axis securities
"['rajnath', 'singh', 'meets', 'japanese', 'counterpart', 'to', 'bolster', 'defence', 'ties', 'enhance', 'special', 'strategic', 'partnership']",rajnath singh meets japanese counterpart to bolster defence ties enhance special strategic partnership
"['ranbir', 'kapoors', 'decade', 'old', 'beef', 'comment', 'comes', 'back', 'to', 'haunt', 'brahmastra']",ranbir kapoors decade old beef comment comes back to haunt brahmastra
"['amount', 'required', 'for', 'a', 'blocked', 'account', 'for', 'german', 'student', 'visa', 'to', 'increase', 'by', '8', '5']",amount required for a blocked account for german student visa to increase by 8 5
"['sonata', 'software', 'zooms', '13', 'as', 'stock', 'trades', 'ex', 'bonus']",sonata software zooms 13 as stock trades ex bonus
"['buy', 'oberoi', 'realty', 'target', 'price', 'rs', '1125', 'prabhudas', 'lilladher']",buy oberoi realty target price rs 1125 prabhudas lilladher
"['wow', 'momo', 'foods', 'raises', 'rs', '125', 'crore', 'in', 'funding', 'from', 'oaks', 'asset', 'management']",wow momo foods raises rs 125 crore in funding from oaks asset management
"['time', 'to', 'check', 'into', 'some', 'hotel', 'stocks', 'lemon', 'tree', 'could', 'give', '18', 'return']",time to check into some hotel stocks lemon tree could give 18 return
"['disney', 'hotstar', 'september', 'releases', 'thor', 'love', 'and', 'thunder', 'andor', 'pinocchio', 'among', 'others']",disney hotstar september releases thor love and thunder andor pinocchio among others
"['defence', 'stocks', 'soar', 'up', 'to', '110', 'so', 'far', 'in', '2022', 'which', 'one', 'should', 'you', 'buy']",defence stocks soar up to 110 so far in 2022 which one should you buy
"['tata', 'trusts', 'said', 'to', 'have', 'roped', 'in', 'senior', 'advocate', 'darius', 'khambata']",tata trusts said to have roped in senior advocate darius khambata
"['wordle', '446', 'time', 'to', 'stack', 'up', 'your', 'streak', 'clues', 'answer', 'to', 'word', 'puzzle']",wordle 446 time to stack up your streak clues answer to word puzzle
"['smartkarma', 'research', 'why', 'a', 'financial', 'crisis', 'could', 'be', 'the', 'bulls', 'best', 'hope']",smartkarma research why a financial crisis could be the bulls best hope
"['adani', 'arm', 'others', 'in', 'race', 'for', 'ivrcl', 'backed', 'road', 'project']",adani arm others in race for ivrcl backed road project
"['buy', 'lemon', 'tree', 'hotels', 'target', 'price', 'rs', '87', 'icici', 'direct']",buy lemon tree hotels target price rs 87 icici direct
"['watch', 'elephant', 'uses', 'a', 'car', 'to', 'relieve', 'itch', 'ends', 'up', 'damaging', 'it']",watch elephant uses a car to relieve itch ends up damaging it
"['ranbir', 'kapoor', 'gets', 'candid', 'about', 'shamshera', 'says', 'content', 'was', 'not', 'good']",ranbir kapoor gets candid about shamshera says content was not good
"['buy', 'container', 'corporation', 'of', 'india', 'target', 'price', 'rs', '860', 'jm', 'financial']",buy container corporation of india target price rs 860 jm financial
"['inflation', 'dents', 'lalbaugcha', 'rajas', 'earnings', 'this', 'year', 'temple', 'collections', 'dip', 'to', 'rs', '5', 'crore']",inflation dents lalbaugcha rajas earnings this year temple collections dip to rs 5 crore
"['sundaram', 'flexi', 'cap', 'fund', 'nfo', 'collects', 'rs', '1679', 'crore']",sundaram flexi cap fund nfo collects rs 1679 crore
"['income', 'tax', 'raids', 'across', 'india', 'to', 'curb', 'bogus', 'political', 'donations']",income tax raids across india to curb bogus political donations
"['indigo', 'plunges', '4', 'as', 'gangwal', 'family', 'sells', 'over', '1', 'crore', 'shares']",indigo plunges 4 as gangwal family sells over 1 crore shares
"['mumbai', 'court', 'grants', 'bail', 'to', 'kamaal', 'rashid', 'khan', 'in', 'controversial', 'tweets', 'case']",mumbai court grants bail to kamaal rashid khan in controversial tweets case
"['us', 'approves', '450', 'million', 'f', '16', 'fleet', 'sustainment', 'programme', 'to', 'pakistan', 'to', 'meet', 'counterterrorism', 'threats']",us approves 450 million f 16 fleet sustainment programme to pakistan to meet counterterrorism threats
"['rural', 'indians', 'join', 'rush', 'to', 'study', 'abroad', 'as', 'prospects', 'dim', 'at', 'home']",rural indians join rush to study abroad as prospects dim at home
"['buy', 'eicher', 'motors', 'target', 'price', 'rs', '3900', 'jm', 'financial']",buy eicher motors target price rs 3900 jm financial
"['buy', 'healthcare', 'global', 'enterprises', 'target', 'price', 'rs', '339', 'icici', 'securities']",buy healthcare global enterprises target price rs 339 icici securities
"['buy', 'action', 'construction', 'equipment', 'target', 'price', 'rs', '365', 'icici', 'direct']",buy action construction equipment target price rs 365 icici direct
"['its', 'grim', 'scenario', 'globally', 'for', 'next', '12', 'months', 'india', 'will', 'also', 'suffer', 'swaminathan', 'aiyar']",its grim scenario globally for next 12 months india will also suffer swaminathan aiyar
"['mutual', 'fund', 'managers', 'play', 'it', 'safe', 'allocate', 'maximum', 'to', 'large', 'cap', 'stocks']",mutual fund managers play it safe allocate maximum to large cap stocks
"['time', 'to', 'binge', 'watch', 'new', 'releases', 'on', 'ott', 'this', 'week', 'see', 'details']",time to binge watch new releases on ott this week see details
"['downtown', 'srinagar', 'has', 'shed', 'its', 'past', 'image', 'manoj', 'sinha']",downtown srinagar has shed its past image manoj sinha
"['stocks', 'to', 'buy', 'or', 'sell', 'today', '8', 'short', 'term', 'trading', 'ideas', 'by', 'experts', 'for', '8', 'september']",stocks to buy or sell today 8 short term trading ideas by experts for 8 september
"['buy', 'vip', 'industries', 'target', 'price', 'rs', '697', 'icici', 'direct']",buy vip industries target price rs 697 icici direct
"['appeal', 'to', 'political', 'parties', 'to', 'work', 'together', 'for', 'bringing', 'netajis', 'remains', 'to', 'india', 'anita', 'bose', 'pfaff']",appeal to political parties to work together for bringing netajis remains to india anita bose pfaff
"['rupee', 'rises', '27', 'paise', 'to', '79', '68', 'against', 'us', 'dollar', 'in', 'early', 'trade']",rupee rises 27 paise to 79 68 against us dollar in early trade
"['single', 'day', 'rise', 'of', '6395', 'new', 'coronavirus', 'infections', 'active', 'covid', 'cases', 'decline', 'to', '50342']",single day rise of 6395 new coronavirus infections active covid cases decline to 50342
"['buy', 'phoenix', 'mills', 'target', 'price', 'rs', '1645', 'icici', 'securities']",buy phoenix mills target price rs 1645 icici securities
"['barack', 'michelle', 'obama', 'return', 'to', 'white', 'house', 'to', 'unveil', 'official', 'portraits']",barack michelle obama return to white house to unveil official portraits
"['india', 'to', 'seek', 'review', 'of', 'trade', 'pact', 'with', 'japan', 'says', 'piyush', 'goyal']",india to seek review of trade pact with japan says piyush goyal
"['adani', 'group', 'sets', 'oct', '17', 'as', 'start', 'date', 'for', 'ndtv', 'open', 'offer']",adani group sets oct 17 as start date for ndtv open offer
"['crypto', 'prices', 'today', 'live', 'news', 'bitcoin', 'dogecoin', 'ethereum', 'shibha', 'inu', 'cryptocurrency', 'latest', 'updates', '08', 'september', '2022']",crypto prices today live news bitcoin dogecoin ethereum shibha inu cryptocurrency latest updates 08 september 2022
"['gurmeet', 'chadha', 'on', '3', 'stocks', 'to', 'bet', 'on', 'in', 'auto', 'sector']",gurmeet chadha on 3 stocks to bet on in auto sector
"['buy', 'jk', 'cement', 'target', 'price', 'rs', '3170', 'icici', 'securities']",buy jk cement target price rs 3170 icici securities
"['buy', 'zee', 'entertainment', 'enterprises', 'target', 'price', 'rs', '273', 'iifl']",buy zee entertainment enterprises target price rs 273 iifl
"['former', 'western', 'union', 'md', 'anil', 'kapur', 'to', 'head', 'alariss', 'global', 'in', 'india']",former western union md anil kapur to head alariss global in india
"['samsung', 'warns', 'chip', 'industry', 'is', 'headed', 'for', 'tough', 'close', 'to', '2022']",samsung warns chip industry is headed for tough close to 2022
"['assams', 'start', 'up', 'movement', 'may', 'have', 'been', 'delayed', 'but', 'progress', 'is', 'picking', 'up', 'says', 'cm', 'sarma']",assams start up movement may have been delayed but progress is picking up says cm sarma
"['corporate', 'radar', 'mastek', 'rites', 'to', 'turn', 'ex', 'dividend', 'more']",corporate radar mastek rites to turn ex dividend more
"['sensex', 'jumps', 'over', '450', 'points', 'as', 'crude', 'prices', 'ease']",sensex jumps over 450 points as crude prices ease
"['future', 'retail', 'renews', 'lease', 'with', 'salman', 'khan', 'for', 'mumbai', 'property']",future retail renews lease with salman khan for mumbai property
"['buy', 'ncc', 'target', 'price', 'rs', '89', 'geojitnbsp']",buy ncc target price rs 89 geojitnbsp
"['smartphone', 'brands', 'to', 'ensure', 'discount', 'with', 'ecommerce', 'stores']",smartphone brands to ensure discount with ecommerce stores
"['valuations', 'above', 'fair', 'range', 'dont', 'chase', 'the', 'momentum', 'stagger', 'investments', 'harsha', 'upadhyaya']",valuations above fair range dont chase the momentum stagger investments harsha upadhyaya
"['scaler', 'looks', 'to', 'hire', '600', 'employees', 'across', 'careers', 'operations', 'instructors', 'teams']",scaler looks to hire 600 employees across careers operations instructors teams
"['watch', 'in', 'pakistans', 'thrilling', 'match', 'against', 'afghanistan', 'ugly', 'scene', 'mid', 'pitch', 'and', 'clashes', 'off', 'field']",watch in pakistans thrilling match against afghanistan ugly scene mid pitch and clashes off field
"['add', 'orient', 'cement', 'target', 'price', 'rs', '130', 'icici', 'securities']",add orient cement target price rs 130 icici securities
"['economic', 'anxiety', 'shows', 'up', 'in', 'merriam', 'websters', 'latest', 'dictionary', 'additions']",economic anxiety shows up in merriam websters latest dictionary additions
"['logistics', 'ecomm', 'players', 'chase', 'talent', 'in', 'towns', 'as', 'demand', 'grow', 'in', 'festive', 'season']",logistics ecomm players chase talent in towns as demand grow in festive season
"['buy', 'ultratech', 'cement', 'target', 'price', 'rs', '8500', 'icici', 'securities']",buy ultratech cement target price rs 8500 icici securities
"['buy', 'shree', 'cements', 'target', 'price', 'rs', '25500', 'icici', 'securities']",buy shree cements target price rs 25500 icici securities
"['kazakhstan', 'announces', 'key', 'political', 'reforms', 'tough', 'measures', 'against', 'terrorists']",kazakhstan announces key political reforms tough measures against terrorists
"['tech', 'firms', 'state', 'govt', 'agree', 'to', 'solve', 'rain', 'related', 'woes', 'by', 'next', 'monsoon']",tech firms state govt agree to solve rain related woes by next monsoon
"['india', 'russia', 'civil', 'nuclear', 'co', 'op', 'gets', 'boost', 'at', 'kudankulam', 'nuclear', 'power', 'plant']",india russia civil nuclear co op gets boost at kudankulam nuclear power plant
"['final', 'version', 'of', 'data', 'laws', 'to', 'come', 'out', 'soon', 'mos', 'it', 'rajeev', 'chandrasekhar']",final version of data laws to come out soon mos it rajeev chandrasekhar
"['how', 'to', 'keep', 'up', 'with', 'latest', 'policy', 'changes', 'and', 'make', 'money', 'gurmeet', 'chadha']",how to keep up with latest policy changes and make money gurmeet chadha
"['stick', 'with', 'it', 'largecaps', 'private', 'banks', 'says', 'jonathan', 'schiessl']",stick with it largecaps private banks says jonathan schiessl
"['etmarkets', 'smart', 'talk', 'srikanth', 'subramanian', 'decodes', 'factors', 'that', 'could', 'derail', 'momentum', 'on', 'd', 'st']",etmarkets smart talk srikanth subramanian decodes factors that could derail momentum on d st
"['cyrus', 'mistry', 'death', 'mercedes', 'sending', 'cars', 'electronic', 'control', 'module', 'to', 'germany', 'for', 'analysis', 'says', 'official']",cyrus mistry death mercedes sending cars electronic control module to germany for analysis says official
"['airtel', 'to', 'launch', '5g', 'within', 'a', 'month', 'cover', 'all', 'urban', 'area', 'by', '2023', 'ceo', 'gopal', 'vittal']",airtel to launch 5g within a month cover all urban area by 2023 ceo gopal vittal
"['pentagon', 'stops', 'accepting', 'new', 'f', '35', 'jets', 'after', 'discovering', 'engine', 'part', 'made', 'in', 'china']",pentagon stops accepting new f 35 jets after discovering engine part made in china
"['big', 'movers', 'on', 'd', 'st', 'what', 'should', 'investors', 'do', 'with', 'eih', 'wockhardt', 'hindustan', 'foods', 'stocks']",big movers on d st what should investors do with eih wockhardt hindustan foods stocks
"['asia', 'cup', '2022', 'clashes', 'erupt', 'between', 'fans', 'of', 'afghanistan', 'pakistan']",asia cup 2022 clashes erupt between fans of afghanistan pakistan
"['singtel', 'sells', '1', '76', 'in', 'airtel', 'via', 'block', 'deals', 'for', 'rs', '7000', 'cr']",singtel sells 1 76 in airtel via block deals for rs 7000 cr
"['buy', 'garware', 'technical', 'fibres', 'target', 'price', 'rs', '3810', 'iifl']",buy garware technical fibres target price rs 3810 iifl
"['nclat', 'directs', 'to', 'appoint', 'new', 'cfo', 'for', 'rattanindia', 'finance', 'within', '60', 'days', 'sets', 'aside', 'nclt', 'order']",nclat directs to appoint new cfo for rattanindia finance within 60 days sets aside nclt order
"['buy', 'angel', 'one', 'target', 'price', 'rs', '1560', 'iifl']",buy angel one target price rs 1560 iifl
"['indias', 'rising', 'weight', 'in', 'msci', 'em', 'index', 'may', 'offer', 'support', 'to', 'domestic', 'equities']",indias rising weight in msci em index may offer support to domestic equities
"['indias', 'global', 'market', 'cap', 'share', 'at', 'all', 'time', 'high']",indias global market cap share at all time high
"['india', 'should', 'decide', 'on', 'semiconductor', 'sops', 'by', 'october', 'igss', 'ventures']",india should decide on semiconductor sops by october igss ventures
"['stock', 'radar', 'indias', 'largest', 'company', 'by', 'm', 'cap', 'could', 'hit', 'fresh', 'highs', 'in', 'next', '1', 'year', 'read', 'why']",stock radar indias largest company by m cap could hit fresh highs in next 1 year read why
"['stocks', 'in', 'the', 'news', 'tcs', 'indigo', 'tata', 'power', 'zee', 'ab', 'fashion', 'and', 'max', 'vil']",stocks in the news tcs indigo tata power zee ab fashion and max vil
"['etailers', 'tell', 'sellers', 'to', 'prepare', 'for', 'sept', 'end', 'festive', 'sales', 'scramble', 'for', 'workers', 'begins']",etailers tell sellers to prepare for sept end festive sales scramble for workers begins
"['sgx', 'nifty', 'up', '110', 'points', 'heres', 'what', 'changed', 'for', 'market', 'while', 'you', 'were', 'sleeping']",sgx nifty up 110 points heres what changed for market while you were sleeping
"['jindal', 'poly', 'group', 'company', 'minority', 'shareholders', 'seek', 'forensic', 'audit']",jindal poly group company minority shareholders seek forensic audit
"['neet', 'ug', 'results', 'over', '9', '93', 'lakh', 'candidates', 'clear', 'exam', 'rajasthans', 'tanishka', 'bags', 'top', 'rank']",neet ug results over 9 93 lakh candidates clear exam rajasthans tanishka bags top rank
"['travel', 'demand', 'may', 'surge', 'in', 'next', '3', 'months']",travel demand may surge in next 3 months
"['quantum', 'shift', 'in', 'foreign', 'capital', 'flows', 'into', 'equities', 'will', 'be', 'shaped', 'by', 'investors', 'finding', 'green', 'shoots', 'says', 'bank', 'of', 'americas', 'debasish', 'purohit']",quantum shift in foreign capital flows into equities will be shaped by investors finding green shoots says bank of americas debasish purohit
"['tmb', 'public', 'issue', 'gets', '2', '86x', 'bids', 'on', 'closing', 'day']",tmb public issue gets 2 86x bids on closing day
"['gangwal', 'to', 'sell', '2', '8', 'per', 'cent', 'stake', 'in', 'indigo', 'for', 'rs', '1996', 'crore']",gangwal to sell 2 8 per cent stake in indigo for rs 1996 crore
"['sebi', 'mulls', 'allowing', 'pes', 'to', 'own', 'amcs']",sebi mulls allowing pes to own amcs
"['rbi', 'places', 'unauthorised', 'forex', 'dealers', 'on', 'alert', 'list']",rbi places unauthorised forex dealers on alert list
"['risk', 'takers', 'can', 'use', 'small', 'bets', 'to', 'ride', 'the', 'biz', 'cycles']",risk takers can use small bets to ride the biz cycles
"['delhi', 'court', 'sends', 'ex', 'nse', 'md', 'ravi', 'narain', 'to', 'two', 'day', 'ed', 'custody']",delhi court sends ex nse md ravi narain to two day ed custody
"['sbi', 'bom', 'raise', 'over', 'rs', '7500', 'cr', 'via', 'at1', 'bonds', 'to', 'fund', 'loan', 'demand']",sbi bom raise over rs 7500 cr via at1 bonds to fund loan demand
"['sebi', 'imposes', 'rs', '2', 'crore', 'fine', 'on', 'rana', 'kapoor', 'in', 'yes', 'bank', 'at', '1', 'bonds', 'case']",sebi imposes rs 2 crore fine on rana kapoor in yes bank at 1 bonds case
"['travel', 'demand', 'could', 'rise', 'in', 'india', 'in', 'coming', 'months', 'report']",travel demand could rise in india in coming months report
"['sequoia', 'capitals', 'asian', 'arms', 'launch', 'platform', 'for', 'founders', 'seeking', 'international', 'markets']",sequoia capitals asian arms launch platform for founders seeking international markets
"['infosys', 'wins', 'five', 'year', 'aerospace', 'engineering', 'deal', 'from', 'spirit', 'aerosystems']",infosys wins five year aerospace engineering deal from spirit aerosystems
"['tcs', 'wins', 'deal', 'to', 'digitise', 'global', 'hr', 'operations', 'of', 'nokia']",tcs wins deal to digitise global hr operations of nokia
"['airbag', 'firms', 'pumped', 'up', 'to', 'ramp', 'up', 'capacity']",airbag firms pumped up to ramp up capacity
"['g', 'secs', 'likely', 'entry', 'into', 'global', 'indices', 'helps', 'rupee', 'beat', 'em', 'peers']",g secs likely entry into global indices helps rupee beat em peers
"['bigg', 'boss', '16', 'host', 'salman', 'khan', 'is', 'back', 'premier', 'date', 'list', 'of', 'contestants', 'key', 'details']",bigg boss 16 host salman khan is back premier date list of contestants key details
"['finance', 'ministry', 'okays', 'vi', 'dues', 'conversion', 'to', 'govt', 'equity']",finance ministry okays vi dues conversion to govt equity
"['kudankulam', 'nuclear', 'plant', 'cover', 'on', 'hold', 'without', 'reinsurer']",kudankulam nuclear plant cover on hold without reinsurer
"['jsw', 'targets', 'one', 'fifth', 'of', 'top', 'line', 'from', 'b2b', 'site']",jsw targets one fifth of top line from b2b site
"['gold', 'rate', 'today', 'yellow', 'metal', 'remains', 'under', 'pressure', 'silver', 'above', 'rs', '54000', 'on', 'mcx']",gold rate today yellow metal remains under pressure silver above rs 54000 on mcx
"['iconic', 'cartoon', 'peppa', 'pig', 'introduces', 'first', 'same', 'gender', 'couple', 'two', 'polar', 'bear', 'mommies']",iconic cartoon peppa pig introduces first same gender couple two polar bear mommies
"['an', 'untold', 'story', 'is', 'the', 'amount', 'of', 'digital', 'innovation', 'thats', 'happening', 'in', 'india', 'unilever', 'ceo', 'alan', 'jope']",an untold story is the amount of digital innovation thats happening in india unilever ceo alan jope
"['whale', 'vomit', 'worth', 'rs', '10', 'cr', 'seized', 'in', 'up', 'why', 'is', 'ambergris', 'so', 'costly']",whale vomit worth rs 10 cr seized in up why is ambergris so costly
"['bharat', 'jodo', 'yatra', 'is', 'family', 'saving', 'campaign', 'to', 'keep', 'control', 'of', 'gandhis', 'over', 'congress', 'bjp']",bharat jodo yatra is family saving campaign to keep control of gandhis over congress bjp
"['chart', 'check', 'after', '400', 'rally', 'from', 'covid', '2020', 'lows', 'this', 'stock', 'is', 'on', 'track', 'to', 'hit', 'fresh', 'record', 'highs']",chart check after 400 rally from covid 2020 lows this stock is on track to hit fresh record highs
"['midcap', 'story', 'is', 'the', 'playpen', 'of', 'india', 'which', 'fpis', 'avoid', 'ajay', 'srivastava']",midcap story is the playpen of india which fpis avoid ajay srivastava
"['mumbai', 'amit', 'shahs', 'security', 'breached', 'by', 'a', 'man', 'impersonating', 'mps', 'pa']",mumbai amit shahs security breached by a man impersonating mps pa
"['it', 'should', 'be', 'main', 'front', 'not', 'third', 'front', 'nitish', 'kumar', 'on', 'opposition', 'unity']",it should be main front not third front nitish kumar on opposition unity
"['nintendo', 'launches', 'new', 'switch', 'oled', 'check', 'key', 'dates', 'details']",nintendo launches new switch oled check key dates details
"['barack', 'obama', 'wife', 'michelle', 'obama', 'return', 'to', 'white', 'house', 'heres', 'why']",barack obama wife michelle obama return to white house heres why
"['rice', 'costlier', 'by', '5', 'on', 'duty', 'cut', 'by', 'dhaka']",rice costlier by 5 on duty cut by dhaka
"['zee', 'gets', 'nod', 'to', 'hold', 'shareholders', 'meet', 'on', 'merger', 'with', 'spn']",zee gets nod to hold shareholders meet on merger with spn
"['india', 'bright', 'spot', 'on', 'global', 'map', 'imf']",india bright spot on global map imf
"['restricting', 'simultaneous', 'mgnrega', 'work', 'to', '20', 'in', 'a', 'panchayat', 'sparks', 'row']",restricting simultaneous mgnrega work to 20 in a panchayat sparks row
"['royal', 'rumble', '2023', 'to', 'be', 'held', 'in', 'san', 'antonio', 'see', 'when', 'where', 'to', 'buy', 'tickets']",royal rumble 2023 to be held in san antonio see when where to buy tickets
"['tricolour', 'under', 'attack', 'bjp', 'rss', 'dividing', 'country', 'on', 'lines', 'of', 'religion', 'language', 'rahul', 'gandhi']",tricolour under attack bjp rss dividing country on lines of religion language rahul gandhi
"['stc', 'mmtc', 'pec', 'to', 'be', 'denotified', 'for', 'exim', 'transactions']",stc mmtc pec to be denotified for exim transactions
"['secured', 'creditor', 'in', 'ibc', 'doesnt', 'exclude', 'govt', 'bodies', 'says', 'sc']",secured creditor in ibc doesnt exclude govt bodies says sc
"['enraged', 'by', 'complaints', 'about', 'bengaluru', 'rains', 'citizens', 'ask', 'migrants', 'to', 'get', 'lost']",enraged by complaints about bengaluru rains citizens ask migrants to get lost
"['latest', 'axis', 'bank', 'fd', 'interest', 'rates']",latest axis bank fd interest rates
"['ashok', 'gehlot', 'says', 'rahul', 'best', 'suited', 'to', 'become', 'congress', 'president']",ashok gehlot says rahul best suited to become congress president
"['apples', 'new', 'gadgets', 'show', 'benefits', 'of', 'diversifying', 'supply', 'chains', 'to', 'india']",apples new gadgets show benefits of diversifying supply chains to india
"['union', 'bank', 'building', 'digital', 'bridge', 'to', 'growth', 'as', 'it', 'pushes', 'retail', 'sme', 'loans']",union bank building digital bridge to growth as it pushes retail sme loans
"['inflation', 'no', 'longer', 'red', 'lettered', 'jobs', 'growth', 'are', 'priorities', 'fm', 'nirmala', 'sitharaman']",inflation no longer red lettered jobs growth are priorities fm nirmala sitharaman
"['elon', 'musk', 'urged', 'bankers', 'to', 'slow', 'twitter', 'deal', 'on', 'war', 'risk', 'lawyer']",elon musk urged bankers to slow twitter deal on war risk lawyer
"['quordle227', 'here', 'are', 'hints', 'answers', 'for', 'wordy', 'puzzle', 'of', 'september', '8']",quordle227 here are hints answers for wordy puzzle of september 8
"['mncs', 'tech', 'firms', 'in', 'bengaluru', 'now', 'plan', 'to', 'buy', 'boats', 'in', 'case', 'of', 'emergencies']",mncs tech firms in bengaluru now plan to buy boats in case of emergencies
"['aiims', 'developing', 'mobile', 'app', 'for', 'eye', 'patients']",aiims developing mobile app for eye patients
"['nerdle', 'today', 'here', 'are', 'hints', 'answer', 'for', 'puzzle']",nerdle today here are hints answer for puzzle
"['sita', 'ramam', 'ott', 'release', 'heres', 'when', 'and', 'where', 'to', 'watch']",sita ramam ott release heres when and where to watch
"['rlys', 'land', 'can', 'be', 'leased', 'for', 'up', 'to', '35', 'yrs', 'licence', 'fee', 'slashed']",rlys land can be leased for up to 35 yrs licence fee slashed
"['wildlife', 'board', 'okays', 'new', 'iaf', 'base', 'in', 'ladakh']",wildlife board okays new iaf base in ladakh
"['india', 'bangladesh', 'ties', 'role', 'model', 'for', 'neighbourhood', 'diplomacy', 'sheikh', 'hasina']",india bangladesh ties role model for neighbourhood diplomacy sheikh hasina
"['more', 'rain', 'forecast', 'for', '48', 'hours', 'worries', 'flood', 'hit', 'bengalurians']",more rain forecast for 48 hours worries flood hit bengalurians
"['etailers', 'ask', 'sellers', 'to', 'prepare', 'for', 'september', 'end', 'big', 'festive', 'sales']",etailers ask sellers to prepare for september end big festive sales
"['times', 'now', 'announces', 'amazing', 'indians']",times now announces amazing indians
"['bengaluru', 'residents', 'shop', 'owners', 'blame', 'smart', 'city', 'projects', 'for', 'flooding', 'waterlogging']",bengaluru residents shop owners blame smart city projects for flooding waterlogging
"['media', 'influencers', 'may', 'have', 'to', 'reveal', 'sponsored', 'posts', 'as', 'paid']",media influencers may have to reveal sponsored posts as paid
"['rahul', 'gandhi', 'challenges', 'bjp', 'at', 'the', 'opening', 'of', 'the', 'bharat', 'jodo', 'yatra', 'saying', 'the', 'opposition', 'is', 'not', 'afraid']",rahul gandhi challenges bjp at the opening of the bharat jodo yatra saying the opposition is not afraid
"['buy', 'nocil', 'target', 'price', 'rs', '310', 'icici', 'direct']",buy nocil target price rs 310 icici direct
"['private', 'equity', 'inflow', 'in', 'proptech', 'firms', 'up', 'by', '5', 'to', '270', 'million', 'in', 'h1', '2022', 'report']",private equity inflow in proptech firms up by 5 to 270 million in h1 2022 report
"['iphone', '14', 'check', 'out', 'what', 'is', 'new', 'in', 'apples', 'new', 'phone']",iphone 14 check out what is new in apples new phone
"['aditya', 'birla', 'sun', 'life', 'mutual', 'fund', 'launches', 'turbo', 'systematic', 'transfer', 'plan']",aditya birla sun life mutual fund launches turbo systematic transfer plan
"['thor', 'love', 'and', 'thunder', 'releases', 'on', 'disney', 'plus', 'hotstar', 'details', 'here']",thor love and thunder releases on disney plus hotstar details here
"['new', 'covid', 'jabs', 'may', 'not', 'be', 'primary', 'dose', 'in', 'drive']",new covid jabs may not be primary dose in drive
"['nna', 'thaan', 'case', 'kodu', 'to', 'be', 'out', 'on', 'disney', 'hotstar', 'read', 'more', 'for', 'release', 'date', 'and', 'time']",nna thaan case kodu to be out on disney hotstar read more for release date and time
"['big', 'bonanza', 'on', 'flipkart', 'apple', 'iphones', 'older', 'models', 'on', 'best', 'offers', 'ahead', 'of', 'iphone', '14s', 'launch']",big bonanza on flipkart apple iphones older models on best offers ahead of iphone 14s launch
"['eu', 'to', 'consider', 'emergency', 'cuts', 'in', 'power', 'usage', 'price', 'caps', 'profit', 'grab']",eu to consider emergency cuts in power usage price caps profit grab
"['banks', 'told', 'to', 'speed', 'up', 'rupee', 'vostro', 'accounts']",banks told to speed up rupee vostro accounts
"['atob', 'the', 'first', 'fintech', 'payments', 'platform', 'to', 'modernize', 'americas', 'trucking', 'industry', 'announces', '155m', 'series', 'b', 'fundraise', 'round']",atob the first fintech payments platform to modernize americas trucking industry announces 155m series b fundraise round
"['amazon', 'names', 'propel', 'startup', 'accelerator', '2022', 'winners', 'solethreads', 'ecoright', 'and', 'go', 'desi', 'bag', 'top', 'rewards']",amazon names propel startup accelerator 2022 winners solethreads ecoright and go desi bag top rewards
"['delhi', 'l', 'g', 'receives', 'complaint', 'against', 'kejriwal', 'seeking', 'probe', 'into', 'undervalued', 'land', 'plots', 'duping', 'exchequer']",delhi l g receives complaint against kejriwal seeking probe into undervalued land plots duping exchequer
"['will', 'right', 'to', 'dress', 'include', 'right', 'to', 'undress', 'also', 'asks', 'sc']",will right to dress include right to undress also asks sc
